0.00000000000000
0.00000002813300
0.00000019199520
0.00000037022032
0.00000050089795
0.00000055498644
0.00000053717674
0.00000047269637
0.00000039247004
0.00000032103165
0.00000027092123
0.00000024319003
0.00000023156363
0.00000022734698
0.00000022305293
0.00000021407811
0.00000019877352
0.00000017764665
0.00000015234648
0.00000012480863
0.00000009670041
0.00000006916784
0.00000004282435
0.00000001789293
-0.00000000559417
-0.00000002762103
-0.00000004808803
-0.00000006679448
-0.00000008348084
-0.00000009789501
-0.00000010985246
-0.00000011927378
-0.00000012619675
-0.00000013076790
-0.00000013322151
-0.00000013385289
-0.00000013299128
-0.00000013097568
-0.00000012813562
-0.00000012477710
-0.00000012117419
-0.00000011756334
-0.00000011413844
-0.00000011104860
-0.00000010839777
-0.00000010624615
-0.00000010461322
-0.00000010348211
-0.00000010280524
-0.00000010251070
-0.00000010250901
-0.00000010269998
-0.00000010297912
-0.00000010324348
-0.00000010339656
-0.00000010335238
-0.00000010303848
-0.00000010239804
-0.00000010139114
-0.00000009999514
-0.00000009820443
-0.00000009602948
-0.00000009349534
-0.00000009063961
-0.00000008751013
-0.00000008416225
-0.00000008065604
-0.00000007705340
-0.00000007341535
-0.00000006979945
-0.00000006625770
-0.00000006283477
-0.00000005956679
-0.00000005648068
-0.00000005359394
-0.00000005091498
-0.00000004844376
-0.00000004617287
-0.00000004408877
-0.00000004217314
-0.00000004040439
-0.00000003875906
-0.00000003721317
-0.00000003574339
-0.00000003432805
-0.00000003294794
-0.00000003158687
-0.00000003023202
-0.00000002887409
-0.00000002750729
-0.00000002612911
-0.00000002474010
-0.00000002334339
-0.00000002194432
-0.00000002054990
-0.00000001916833
-0.00000001780854
-0.00000001647964
-0.00000001519060
-0.00000001394977
-0.00000001276460
-0.00000001164137
-0.00000001058497
-0.00000000959878
-0.00000000868464
-0.00000000784282
-0.00000000707210
-0.00000000636993
-0.00000000573254
-0.00000000515526
-0.00000000463264
-0.00000000415880
-0.00000000372763
-0.00000000333304
-0.00000000296921
-0.00000000263074
-0.00000000231283
-0.00000000201138
-0.00000000172306
-0.00000000144537
-0.00000000117657
-0.00000000091569
-0.00000000066240
-0.00000000041698
-0.00000000018014
0.00000000004705
0.00000000026334
0.00000000046736
0.00000000065776
0.00000000083330
0.00000000099294
0.00000000113589
0.00000000126164
0.00000000137002
0.00000000146116
0.00000000153552
0.00000000159383
0.00000000163709
0.00000000166647
0.00000000168334
0.00000000168913
0.00000000168530
0.00000000167329
0.00000000165453
0.00000000163037
0.00000000160208
0.00000000157079
0.00000000153748
0.00000000150293
0.00000000146776
0.00000000143241
0.00000000139715
0.00000000136209
0.00000000132726
0.00000000129258
0.00000000125788
0.00000000122297
0.00000000118764
0.00000000115167
0.00000000111486
0.00000000107703
0.00000000103805
0.00000000099784
0.00000000095638
0.00000000091370
0.00000000086987
0.00000000082503
0.00000000077936
0.00000000073305
0.00000000068635
0.00000000063950
0.00000000059277
0.00000000054639
0.00000000050061
0.00000000045567
0.00000000041175
0.00000000036903
0.00000000032764
0.00000000028770
0.00000000024928
0.00000000021241
0.00000000017711
0.00000000014335
0.00000000011109
0.00000000008026
0.00000000005080
0.00000000002261
-0.00000000000441
-0.00000000003034
-0.00000000005528
-0.00000000007932
-0.00000000010252
-0.00000000012496
-0.00000000014670
-0.00000000016776
-0.00000000018819
-0.00000000020799
-0.00000000022718
-0.00000000024574
-0.00000000026367
-0.00000000028095
-0.00000000029757
-0.00000000031351
-0.00000000032874
-0.00000000034325
-0.00000000035703
-0.00000000037008
-0.00000000038239
-0.00000000039397
-0.00000000040483
-0.00000000041499
-0.00000000042447
-0.00000000043331
-0.00000000044153
-0.00000000044916
-0.00000000045626
-0.00000000046284
-0.00000000046896
-0.00000000047465
-0.00000000047994
-0.00000000048487
-0.00000000048938
-0.00000000049283
-0.00000000049526
-0.00000000049758
-0.00000000050023
-0.00000000050333
-0.00000000050675
-0.00000000051025
-0.00000000051357
-0.00000000051655
-0.00000000051914
-0.00000000052136
-0.00000000052328
-0.00000000052499
-0.00000000052655
-0.00000000052798
-0.00000000052931
-0.00000000053053
-0.00000000053162
-0.00000000053258
-0.00000000053340
-0.00000000053401
-0.00000000053444
-0.00000000053473
-0.00000000053494
-0.00000000053512
-0.00000000053528
-0.00000000053539
-0.00000000053544
-0.00000000053541
-0.00000000053528
-0.00000000053507
-0.00000000053480
-0.00000000053448
-0.00000000053412
-0.00000000053373
-0.00000000053333
-0.00000000053291
-0.00000000053248
-0.00000000053203
-0.00000000053158
-0.00000000053115
-0.00000000053086
-0.00000000053075
-0.00000000053078
-0.00000000053088
-0.00000000053099
-0.00000000053108
-0.00000000053110
-0.00000000053089
-0.00000000053039
-0.00000000052967
-0.00000000052883
-0.00000000052797
-0.00000000052716
-0.00000000052644
-0.00000000052580
-0.00000000052521
-0.00000000052464
-0.00000000052406
-0.00000000052347
-0.00000000052285
-0.00000000052223
-0.00000000052176
-0.00000000052151
-0.00000000052143
-0.00000000052146
-0.00000000052151
-0.00000000052155
-0.00000000052155
-0.00000000052151
-0.00000000052131
-0.00000000052088
-0.00000000052025
-0.00000000051952
-0.00000000051879
-0.00000000051812
-0.00000000051756
-0.00000000051710
-0.00000000051671
-0.00000000051636
-0.00000000051601
-0.00000000051565
-0.00000000051527
-0.00000000051495
-0.00000000051477
-0.00000000051474
-0.00000000051481
-0.00000000051491
-0.00000000051501
-0.00000000051508
-0.00000000051511
-0.00000000051512
-0.00000000051505
-0.00000000051482
-0.00000000051444
-0.00000000051398
-0.00000000051352
-0.00000000051310
-0.00000000051277
-0.00000000051251
-0.00000000051231
-0.00000000051214
-0.00000000051199
-0.00000000051183
-0.00000000051167
-0.00000000051158
-0.00000000051161
-0.00000000051172
-0.00000000051187
-0.00000000051204
-0.00000000051218
-0.00000000051230
-0.00000000051240
-0.00000000051248
-0.00000000051252
-0.00000000051243
-0.00000000051225
-0.00000000051199
-0.00000000051173
-0.00000000051149
-0.00000000051131
-0.00000000051118
-0.00000000051110
-0.00000000051103
-0.00000000051098
-0.00000000051092
-0.00000000051088
-0.00000000051092
-0.00000000051103
-0.00000000051120
-0.00000000051139
-0.00000000051158
-0.00000000051175
-0.00000000051189
-0.00000000051202
-0.00000000051215
-0.00000000051223
-0.00000000051222
-0.00000000051211
-0.00000000051194
-0.00000000051176
-0.00000000051160
-0.00000000051148
-0.00000000051141
-0.00000000051136
-0.00000000051133
-0.00000000051130
-0.00000000051127
-0.00000000051128
-0.00000000051137
-0.00000000051152
-0.00000000051171
-0.00000000051191
-0.00000000051209
-0.00000000051226
-0.00000000051241
-0.00000000051255
-0.00000000051269
-0.00000000051278
-0.00000000051277
-0.00000000051267
-0.00000000051251
-0.00000000051233
-0.00000000051218
-0.00000000051206
-0.00000000051198
-0.00000000051193
-0.00000000051190
-0.00000000051186
-0.00000000051183
-0.00000000051186
-0.00000000051196
-0.00000000051213
-0.00000000051232
-0.00000000051252
-0.00000000051270
-0.00000000051285
-0.00000000051300
-0.00000000051313
-0.00000000051326
-0.00000000051333
-0.00000000051330
-0.00000000051317
-0.00000000051298
-0.00000000051279
-0.00000000051262
-0.00000000051249
-0.00000000051239
-0.00000000051232
-0.00000000051227
-0.00000000051221
-0.00000000051218
-0.00000000051222
-0.00000000051234
-0.00000000051251
-0.00000000051270
-0.00000000051289
-0.00000000051305
-0.00000000051320
-0.00000000051333
-0.00000000051346
-0.00000000051358
-0.00000000051362
-0.00000000051356
-0.00000000051340
-0.00000000051318
-0.00000000051297
-0.00000000051278
-0.00000000051264
-0.00000000051253
-0.00000000051245
-0.00000000051239
-0.00000000051232
-0.00000000051229
-0.00000000051234
-0.00000000051247
-0.00000000051264
-0.00000000051283
-0.00000000051301
-0.00000000051317
-0.00000000051331
-0.00000000051343
-0.00000000051355
-0.00000000051366
-0.00000000051367
-0.00000000051356
-0.00000000051337
-0.00000000051314
-0.00000000051292
-0.00000000051273
-0.00000000051259
-0.00000000051249
-0.00000000051241
-0.00000000051233
-0.00000000051226
-0.00000000051225
-0.00000000051232
-0.00000000051246
-0.00000000051264
-0.00000000051283
-0.00000000051300
-0.00000000051316
-0.00000000051329
-0.00000000051341
-0.00000000051352
-0.00000000051364
-0.00000000051366
-0.00000000051357
-0.00000000051338
-0.00000000051315
-0.00000000051292
-0.00000000051272
-0.00000000051257
-0.00000000051246
-0.00000000051237
-0.00000000051230
-0.00000000051222
-0.00000000051219
-0.00000000051224
-0.00000000051237
-0.00000000051254
-0.00000000051273
-0.00000000051290
-0.00000000051305
-0.00000000051318
-0.00000000051330
-0.00000000051336
-0.00000000051329
-0.00000000051313
-0.00000000051291
-0.00000000051268
-0.00000000051248
-0.00000000051232
-0.00000000051221
-0.00000000051214
-0.00000000051208
-0.00000000051202
-0.00000000051196
-0.00000000051189
-0.00000000051181
-0.00000000051173
-0.00000000051164
-0.00000000051155
-0.00000000051147
-0.00000000051139
-0.00000000051132
-0.00000000051126
-0.00000000051121
-0.00000000051116
-0.00000000051112
-0.00000000051109
-0.00000000051108
-0.00000000051107
-0.00000000051107
-0.00000000051108
-0.00000000051110
-0.00000000051112
-0.00000000051116
-0.00000000051119
-0.00000000051124
-0.00000000051128
-0.00000000051133
-0.00000000051138
-0.00000000051142
-0.00000000051147
-0.00000000051151
-0.00000000051156
-0.00000000051160
-0.00000000051163
-0.00000000051167
-0.00000000051170
-0.00000000051174
-0.00000000051177
-0.00000000051179
-0.00000000051182
-0.00000000051185
-0.00000000051188
-0.00000000051190
-0.00000000051193
-0.00000000051196
-0.00000000051198
-0.00000000051201
-0.00000000051204
-0.00000000051207
-0.00000000051210
-0.00000000051213
-0.00000000051216
-0.00000000051219
-0.00000000051222
-0.00000000051225
-0.00000000051228
-0.00000000051231
-0.00000000051234
-0.00000000051236
-0.00000000051239
-0.00000000051241
-0.00000000051243
-0.00000000051245
-0.00000000051247
-0.00000000051249
-0.00000000051251
-0.00000000051252
-0.00000000051254
-0.00000000051255
-0.00000000051257
-0.00000000051258
-0.00000000051259
-0.00000000051260
-0.00000000051261
-0.00000000051262
-0.00000000051263
-0.00000000051264
-0.00000000051265
-0.00000000051266
-0.00000000051267
-0.00000000051268
-0.00000000051269
-0.00000000051269
-0.00000000051270
-0.00000000051271
-0.00000000051272
-0.00000000051272
-0.00000000051273
-0.00000000051273
-0.00000000051274
-0.00000000051274
-0.00000000051275
-0.00000000051275
-0.00000000051276
-0.00000000051276
-0.00000000051276
-0.00000000051276
-0.00000000051277
-0.00000000051277
-0.00000000051277
-0.00000000051277
-0.00000000051277
-0.00000000051277
-0.00000000051278
-0.00000000051278
-0.00000000051278
-0.00000000051278
-0.00000000051278
-0.00000000051278
-0.00000000051278
-0.00000000051278
-0.00000000051278
-0.00000000051278
-0.00000000051278
-0.00000000051278
-0.00000000051278
-0.00000000051278
-0.00000000051278
-0.00000000051278
-0.00000000051278
-0.00000000051278
-0.00000000051278
-0.00000000051278
-0.00000000051278
-0.00000000051278
-0.00000000051278
-0.00000000051278
-0.00000000051278
-0.00000000051278
-0.00000000051278
-0.00000000051278
-0.00000000051278
-0.00000000051278
-0.00000000051278
-0.00000000051278
-0.00000000051277
-0.00000000051277
-0.00000000051277
-0.00000000051277
-0.00000000051277
-0.00000000051277
-0.00000000051277
-0.00000000051277
-0.00000000051277
-0.00000000051277
-0.00000000051277
-0.00000000051277
-0.00000000051277
-0.00000000051277
-0.00000000051277
-0.00000000051277
-0.00000000051277
-0.00000000051277
-0.00000000051277
-0.00000000051277
-0.00000000051276
-0.00000000051276
-0.00000000051276
-0.00000000051276
-0.00000000051276
-0.00000000051276
-0.00000000051276
-0.00000000051276
-0.00000000051276
-0.00000000051276
-0.00000000051276
-0.00000000051276
-0.00000000051276
-0.00000000051276
-0.00000000051276
-0.00000000051276
-0.00000000051276
-0.00000000051276
-0.00000000051276
-0.00000000051276
-0.00000000051276
-0.00000000051276
-0.00000000051276
-0.00000000051276
-0.00000000051276
-0.00000000051276
-0.00000000051276
-0.00000000051276
-0.00000000051276
-0.00000000051276
-0.00000000051276
-0.00000000051276
-0.00000000051276
-0.00000000051276
-0.00000000051276
-0.00000000051276
-0.00000000051276
-0.00000000051276
-0.00000000051276
-0.00000000051276
-0.00000000051276
-0.00000000051276
-0.00000000051276
-0.00000000051276
-0.00000000051276
-0.00000000051276
-0.00000000051276
-0.00000000051276
-0.00000000051276
-0.00000000051276
-0.00000000051276
-0.00000000051276
-0.00000000051276
-0.00000000051276
-0.00000000051276
-0.00000000051276
-0.00000000051276
-0.00000000051276
-0.00000000051276
-0.00000000051276
-0.00000000051276
-0.00000000051276
-0.00000000051276
-0.00000000051276
-0.00000000051276
-0.00000000051276
-0.00000000051276
-0.00000000051276
-0.00000000051276
-0.00000000051276
-0.00000000051276
-0.00000000051276
-0.00000000051276
-0.00000000051276
-0.00000000051276
-0.00000000051276
-0.00000000051276
-0.00000000051276
-0.00000000051276
-0.00000000051276
-0.00000000051276
-0.00000000051276
-0.00000000051276
-0.00000000051276
-0.00000000051276
-0.00000000051276
-0.00000000051276
-0.00000000051276
-0.00000000051276
-0.00000000051276
-0.00000000051276
-0.00000000051276
-0.00000000051276
-0.00000000051276
-0.00000000051276
-0.00000000051276
-0.00000000051276
-0.00000000051276
-0.00000000051276
-0.00000000051276
-0.00000000051276
-0.00000000051276
-0.00000000051276
-0.00000000051276
-0.00000000051276
-0.00000000051276
-0.00000000051276
-0.00000000051276
-0.00000000051276
-0.00000000051276
-0.00000000051276
-0.00000000051276
-0.00000000051276
-0.00000000051276
-0.00000000051276
-0.00000000051276
-0.00000000051276
-0.00000000051276
-0.00000000051276
-0.00000000051276
-0.00000000051276
-0.00000000051276
-0.00000000051276
-0.00000000051276
-0.00000000051276
-0.00000000051276
-0.00000000051276
-0.00000000051276
-0.00000000051276
-0.00000000051276
0.00000000487066
0.00000104849931
0.00000635987196
0.00001819784654
0.00003830858218
0.00006853495362
0.00011022640777
0.00016505925888
0.00023460451297
0.00032033346667
0.00042397758869
0.00054676241131
0.00069008818490
0.00085508696570
0.00104257268560
0.00125356692912
0.00148854937902
0.00174810191040
0.00203266626457
0.00234223520653
0.00267704474171
0.00303669419958
0.00342053129941
0.00382821217623
0.00425870690943
0.00471142291761
0.00518556645406
0.00567993494144
0.00619382892131
0.00672587790393
0.00727487233703
0.00783974224169
0.00841886463447
0.00901114814475
0.00961526575898
0.01022976610193
0.01085368481598
0.01148568063759
0.01212461778856
0.01276959685510
0.01341944247613
0.01407330652114
0.01473037211328
0.01538968876941
0.01605061190666
0.01671245127565
0.01737445734378
0.01803612394829
0.01869689804801
0.01935617461376
0.02001355617944
0.02066859193595
0.02132076603853
0.02196978262490
0.02261524820460
0.02325670915912
0.02389396323204
0.02452664346833
0.02515436047671
0.02577698916362
0.02639417529467
0.02700560879311
0.02761122535965
0.02821068342989
0.02880376507585
0.02939045382610
0.02997043242609
0.03054357189810
0.03110989099610
0.03166910171440
0.03222115523427
0.03276609936266
0.03330368314788
0.03383392017638
0.03435688019349
0.03487234997740
0.03538038068329
0.03588105245739
0.03637418472923
0.03685985062847
0.03733813688283
0.03780889313770
0.03827219938164
0.03872814730326
0.03917661078194
0.03961766356229
0.04005139799174
0.04047771172749
0.04089666866809
0.04130836396909
0.04171271990541
0.04210978830780
0.04249966785016
0.04288230604299
0.04325774253340
0.04362607923866
0.04398728949145
0.04434140325251
0.04468852415907
0.04502865066892
0.04536180696246
0.04568809351769
0.04600753222743
0.04632014725852
0.04662603358796
0.04692523088749
0.04721776708804
0.04750372469056
0.04778315545341
0.04805609585596
0.04832261569065
0.04858277281664
0.04883661314065
0.04908419320967
0.04932557126332
0.04956080246683
0.04978993567333
0.05001302477763
0.05023013024509
0.05044129993316
0.05064657993445
0.05084603163231
0.05103970925565
0.05122765210937
0.05140991607393
0.05158656354576
0.05175763094995
0.05192316496077
0.05208323339797
0.05223787829144
0.05238713531787
0.05253107118023
0.05266974001327
0.05280316829660
0.05293141395279
0.05305454360396
0.05317258239050
0.05328557371756
0.05339358903322
0.05349666397320
0.05359482604699
0.05368814061717
0.05377666234120
0.05386040720110
0.05393942459145
0.05401378551861
0.05408350758180
0.05414861917148
0.05420919307058
0.05426526616314
0.05431684761262
0.05436399524638
0.05440677336004
0.05444518325207
0.05447925699838
0.05450907448524
0.05453465180496
0.05455599374658
0.05457317128319
0.05458623596061
0.05459517252812
0.05460000353238
0.05460077353248
0.05459742708060
0.05458993132861
0.05457835392790
0.05456271619695
0.05454299007374
0.05451923828880
0.05449155044902
0.05445989143399
0.05442426843520
0.05438478794566
0.05434144707388
0.05429420475880
0.05424313971735
0.05418832696140
0.05412970820154
0.05406730545104
0.05400124994751
0.05393151817759
0.05385807331450
0.05378102906579
0.05370045106651
0.05361626678662
0.05352851566821
0.05343734361541
0.05334270229447
0.05324455235404
0.05314303296953
0.05303819307076
0.05292994132753
0.05281833026636
0.05270351154743
0.05258540982002
0.05246397701544
0.05233936989878
0.05221162163561
0.05208061949896
0.05194642348214
0.05180919079077
0.05166882413470
0.05152526413544
0.05137868191251
0.05122910416037
0.05107639682877
0.05092062256741
0.05076195004659
0.05060026751237
0.05043550180139
0.05026783548781
0.05009730011729
0.04992374007989
0.04974721396798
0.04956790662248
0.04938569940717
0.04920049719573
0.04901248743807
0.04882172108986
0.04862802067739
0.04843142751952
0.04823214767504
0.04803006646441
0.04782505888783
0.04761730742071
0.04740689412658
0.04719362084601
0.04697749941659
0.04675875627340
0.04653729625175
0.04631295732182
0.04608590549755
0.04585626791150
0.04562383479838
0.04538857727142
0.04515073545151
0.04491025367144
0.04466692980854
0.04442089868997
0.04417233942451
0.04392104665562
0.04366693766128
0.04341025487121
0.04315100517704
0.04288894969625
0.04262417535378
0.04235690981327
0.04208697643463
0.04181422882617
0.04153889108920
0.04126105019668
0.04098044272105
0.04069708941799
0.04041125366610
0.04012282099989
0.03983157581199
0.03953770065892
0.03924137013020
0.03894232323325
0.03864049802679
0.03833616640761
0.03802930868391
0.03771965012394
0.03740730544046
0.03709252272849
0.03677508510281
0.03645483705438
0.03613202653659
0.03580675065512
0.03547870044962
0.03514789889627
0.03481463942739
0.03447879969925
0.03414012737444
0.03379881330831
0.03345507006240
0.03310860397957
0.03275932791228
0.03240753327453
0.03205323197008
0.03169609787556
0.03133622956725
0.03097392289993
0.03060896343867
0.03024114174943
0.02987070663319
0.02949781938233
0.02912213264489
0.02874362528265
0.02836261987236
0.02797904251232
0.02759257389897
0.02720337645877
0.02681173351533
0.02641735097758
0.02602006749882
0.02562018001765
0.02521779119533
0.02481251893205
0.02440440291406
0.02399378943446
0.02358052098591
0.02316429679053
0.02274533497605
0.02232389726037
0.02189962288317
0.02147240090438
0.02104256921559
0.02061016372610
0.02017478481112
0.01973652946686
0.01929575638229
0.01885222528880
0.01840566228731
0.01795633866440
0.01750448480662
0.01704968488301
0.01659187999544
0.01613179881584
0.01567119019115
0.01521086536327
0.01475134758310
0.01429300170479
0.01383635342004
0.01338236560301
0.01293223782109
0.01248561545088
0.01203892669660
0.01159202151706
0.01114675646166
0.01070592474175
0.01027245367240
0.00984870636657
0.00943589724496
0.00903431385326
0.00864385948236
0.00826421659817
0.00789500264649
0.00753602558857
0.00718738754250
0.00684926250786
0.00652183691203
0.00620526480371
0.00589963344096
0.00560494918482
0.00532113861756
0.00504809611673
0.00478573506477
0.00453382934734
0.00429206773703
0.00406009928559
0.00383756758561
0.00362413222945
0.00341947600634
0.00322330173041
0.00303532471958
0.00285526617664
0.00268285029575
0.00251780529942
0.00235986693040
0.00220878249447
0.00206431401146
0.00192623979883
0.00179435445477
0.00166846757155
0.00154840163206
0.00143398952050
0.00132507198976
0.00122149531513
0.00112310925372
0.00102976534008
0.00094131549794
0.00085761093449
0.00077850129693
0.00070383409040
0.00063345436866
0.00056720470674
0.00050492545104
0.00044645522411
0.00039163164404
0.00034029220634
0.00029227527020
0.00024742109041
0.00020557283980
0.00016657757364
0.00013028709589
0.00009655869631
0.00006525573678
0.00003624807435
0.00000941231646
-0.00001536808817
-0.00003820291089
-0.00005919534103
-0.00007844231461
-0.00009603493571
-0.00011205896273
-0.00012659533562
-0.00013972071992
-0.00015150804558
-0.00016202702046
-0.00017134460143
-0.00017952540915
-0.00018663207666
-0.00019272552581
-0.00019786516972
-0.00020210904308
-0.00020551399853
-0.00020813786061
-0.00021003971415
-0.00021127651163
-0.00021190133778
-0.00021196299931
-0.00021150652403
-0.00021057408388
-0.00020920586775
-0.00020744060980
-0.00020531570422
-0.00020286700924
-0.00020012851738
-0.00019713205110
-0.00019390707814
-0.00019048067091
-0.00018687758777
-0.00018312043412
-0.00017922986207
-0.00017522477738
-0.00017112253484
-0.00016693911367
-0.00016268927216
-0.00015838668466
-0.00015404406466
-0.00014967327661
-0.00014528543661
-0.00014089100044
-0.00013649983682
-0.00013212128409
-0.00012776418994
-0.00012343693507
-0.00011914744288
-0.00011490317796
-0.00011071113644
-0.00010657783126
-0.00010250927509
-0.00009851096345
-0.00009458785990
-0.00009074438520
-0.00008698441146
-0.00008331126232
-0.00007972771970
-0.00007623603713
-0.00007283795973
-0.00006953475019
-0.00006632722017
-0.00006321576598
-0.00006020040761
-0.00005728082983
-0.00005445642414
-0.00005172633045
-0.00004908947731
-0.00004654461988
-0.00004409037470
-0.00004172525078
-0.00003944767656
-0.00003725602248
-0.00003514861922
-0.00003312377167
-0.00003117976899
-0.00002931489104
-0.00002752741189
-0.00002581560073
-0.00002417772091
-0.00002261202772
-0.00002111676530
-0.00001969016348
-0.00001833043471
-0.00001703577161
-0.00001580434549
-0.00001463430589
-0.00001352378132
-0.00001247088129
-0.00001147369951
-0.00001053031821
-0.00000963881333
-0.00000879726056
-0.00000800374173
-0.00000725635169
-0.00000655320504
-0.00000589244284
-0.00000527223882
-0.00000469080516
-0.00000414639748
-0.00000363731911
-0.00000316192445
-0.00000271862149
-0.00000230587344
-0.00000192219945
-0.00000156617469
-0.00000123642963
-0.00000093164877
-0.00000065056890
-0.00000039197706
-0.00000015470815
0.00000006235745
0.00000026029638
0.00000044014466
0.00000060289993
0.00000074952350
0.00000088094212
0.00000099804946
0.00000110170741
0.00000119274696
0.00000127196894
0.00000134014450
0.00000139801537
0.00000144629402
0.00000148566367
0.00000151677833
0.00000154026274
0.00000155671238
0.00000156669354
0.00000157074353
0.00000156937089
0.00000156305587
0.00000155225094
0.00000153738149
0.00000151884666
0.00000149702024
0.00000147225120
0.00000144485402
0.00000141510629
0.00000138326766
0.00000134959036
0.00000131432233
0.00000127770523
0.00000123997001
0.00000120133244
0.00000116199057
0.00000112212440
0.00000108189732
0.00000104145847
0.00000100094513
0.00000096048448
0.00000092019480
0.00000088018599
0.00000084055974
0.00000080140953
0.00000076282059
0.00000072486989
0.00000068762636
0.00000065115107
0.00000061549752
0.00000058071205
0.00000054683410
0.00000051389661
0.00000048192634
0.00000045094423
0.00000042096577
0.00000039200139
0.00000036405684
0.00000033713365
0.00000031122955
0.00000028633887
0.00000026245298
0.00000023956066
0.00000021764849
0.00000019670116
0.00000017670181
0.00000015763227
0.00000013947330
0.00000012220482
0.00000010580607
0.00000009025575
0.00000007553214
0.00000006161319
0.00000004847659
0.00000003609985
0.00000002446029
0.00000001353512
0.00000000330144
-0.00000000626373
-0.00000001518341
-0.00000002348067
-0.00000003117857
-0.00000003830015
-0.00000004486836
-0.00000005090607
-0.00000005643596
-0.00000006148053
-0.00000006606200
-0.00000007020238
-0.00000007392439
-0.00000007725149
-0.00000008020637
-0.00000008281024
-0.00000008508262
-0.00000008704159
-0.00000008870419
-0.00000009008681
-0.00000009120550
-0.00000009207600
-0.00000009271371
-0.00000009313362
-0.00000009335009
-0.00000009337687
-0.00000009322701
-0.00000009291290
-0.00000009244627
-0.00000009183833
-0.00000009109971
-0.00000009024060
-0.00000008927071
-0.00000008819934
-0.00000008703540
-0.00000008578738
-0.00000008446342
-0.00000008307130
-0.00000008161844
-0.00000008011192
-0.00000007855850
-0.00000007696461
-0.00000007533639
-0.00000007367962
-0.00000007199982
-0.00000007030217
-0.00000006859156
-0.00000006687257
-0.00000006514947
-0.00000006342626
-0.00000006170662
-0.00000005999397
-0.00000005829145
-0.00000005660192
-0.00000005492800
-0.00000005327208
-0.00000005163628
-0.00000005002254
-0.00000004843258
-0.00000004686794
-0.00000004532996
-0.00000004381985
-0.00000004233863
-0.00000004088722
-0.00000003946637
-0.00000003807676
-0.00000003671893
-0.00000003539332
-0.00000003410029
-0.00000003284011
-0.00000003161297
-0.00000003041899
-0.00000002925821
-0.00000002813060
-0.00000002703610
-0.00000002597455
-0.00000002494575
-0.00000002394945
-0.00000002298535
-0.00000002205309
-0.00000002115228
-0.00000002028248
-0.00000001944321
-0.00000001863397
-0.00000001785420
-0.00000001710333
-0.00000001638077
-0.00000001568589
-0.00000001501807
-0.00000001437665
-0.00000001376097
-0.00000001317035
-0.00000001260412
-0.00000001206161
-0.00000001154213
-0.00000001104501
-0.00000001056956
-0.00000001011513
-0.00000000968105
-0.00000000926666
-0.00000000887132
-0.00000000849440
-0.00000000813525
-0.00000000779327
-0.00000000746786
-0.00000000715841
-0.00000000686434
-0.00000000658508
-0.00000000632007
-0.00000000606876
-0.00000000583061
-0.00000000560510
-0.00000000539170
-0.00000000518992
-0.00000000499927
-0.00000000481927
-0.00000000464945
-0.00000000448937
-0.00000000433858
-0.00000000419665
-0.00000000406318
-0.00000000393775
-0.00000000382000
-0.00000000370953
-0.00000000360599
-0.00000000350903
-0.00000000341833
-0.00000000333354
-0.00000000325437
-0.00000000318052
-0.00000000311171
-0.00000000304765
-0.00000000298809
-0.00000000293279
-0.00000000288149
-0.00000000283397
-0.00000000279001
-0.00000000274940
-0.00000000271194
-0.00000000267744
-0.00000000264572
-0.00000000261661
-0.00000000258993
-0.00000000256554
-0.00000000254327
-0.00000000252299
-0.00000000250457
-0.00000000248787
-0.00000000247277
-0.00000000245915
-0.00000000244691
-0.00000000243594
-0.00000000242614
-0.00000000241743
-0.00000000240971
-0.00000000240290
-0.00000000239692
-0.00000000239171
-0.00000000238719
-0.00000000238331
-0.00000000238000
-0.00000000237720
-0.00000000237488
-0.00000000237297
-0.00000000237143
-0.00000000237022
-0.00000000236931
-0.00000000236866
-0.00000000236823
-0.00000000236800
-0.00000000236793
-0.00000000236800
-0.00000000236819
-0.00000000236847
-0.00000000236883
-0.00000000236925
-0.00000000236971
-0.00000000237019
-0.00000000237068
-0.00000000237118
-0.00000000237166
-0.00000000237212
-0.00000000237255
-0.00000000237295
-0.00000000237330
-0.00000000237361
-0.00000000237386
-0.00000000237405
-0.00000000237418
-0.00000000237425
-0.00000000237425
-0.00000000237418
-0.00000000237405
-0.00000000237385
-0.00000000237358
-0.00000000237324
-0.00000000237284
-0.00000000237237
-0.00000000237184
-0.00000000237124
-0.00000000237058
-0.00000000236987
-0.00000000236909
-0.00000000236826
-0.00000000236738
-0.00000000236645
-0.00000000236547
-0.00000000236445
-0.00000000236338
-0.00000000236228
-0.00000000236114
-0.00000000235996
-0.00000000235875
-0.00000000235751
-0.00000000235625
-0.00000000235496
-0.00000000235364
-0.00000000235231
-0.00000000235097
-0.00000000234960
-0.00000000234823
-0.00000000234684
-0.00000000234545
-0.00000000234405
-0.00000000234265
-0.00000000234124
-0.00000000233984
-0.00000000233844
-0.00000000233704
-0.00000000233564
-0.00000000233425
-0.00000000233287
-0.00000000233150
-0.00000000233014
-0.00000000232880
-0.00000000232746
-0.00000000232614
-0.00000000232483
-0.00000000232354
-0.00000000232227
-0.00000000232101
-0.00000000231978
-0.00000000231856
-0.00000000231736
-0.00000000231618
-0.00000000231502
-0.00000000231388
-0.00000000231277
-0.00000000231167
-0.00000000231060
-0.00000000230955
-0.00000000230852
-0.00000000230751
-0.00000000230652
-0.00000000230556
-0.00000000230462
-0.00000000230370
-0.00000000230281
-0.00000000230194
-0.00000000230109
-0.00000000230026
-0.00000000229945
-0.00000000229867
-0.00000000229790
-0.00000000229716
-0.00000000229644
-0.00000000229574
-0.00000000229506
-0.00000000229440
-0.00000000229375
-0.00000000229313
-0.00000000229253
-0.00000000229195
-0.00000000229138
-0.00000000229084
-0.00000000229031
-0.00000000228979
-0.00000000228930
-0.00000000228882
-0.00000000228836
-0.00000000228791
-0.00000000228748
-0.00000000228706
-0.00000000228666
-0.00000000228628
-0.00000000228590
-0.00000000228554
-0.00000000228520
-0.00000000228486
-0.00000000228454
-0.00000000228423
-0.00000000228394
-0.00000000228365
-0.00000000228337
-0.00000000228311
-0.00000000228286
-0.00000000228261
-0.00000000228238
-0.00000000228215
-0.00000000228194
-0.00000000228173
-0.00000000228153
-0.00000000228134
-0.00000000228116
-0.00000000228098
-0.00000000228082
-0.00000000228066
-0.00000000228050
-0.00000000228035
-0.00000000228021
-0.00000000228008
-0.00000000227995
-0.00000000227983
-0.00000000227971
-0.00000000227959
-0.00000000227949
-0.00000000227938
-0.00000000227928
-0.00000000227919
-0.00000000227910
-0.00000000227901
-0.00000000227893
-0.00000000227885
-0.00000000227878
-0.00000000227871
-0.00000000227864
-0.00000000227858
-0.00000000227851
-0.00000000227845
-0.00000000227840
-0.00000000227834
-0.00000000227829
-0.00000000227824
-0.00000000227820
-0.00000000227815
-0.00000000227811
-0.00000000227807
-0.00000000227803
-0.00000000227800
-0.00000000227796
-0.00000000227793
-0.00000000227789
-0.00000000227786
-0.00000000227784
-0.00000000227781
-0.00000000227778
-0.00000000227776
-0.00000000227773
-0.00000000227771
-0.00000000227769
-0.00000000227767
-0.00000000227765
-0.00000000227763
-0.00000000227761
-0.00000000227759
-0.00000000227758
-0.00000000227756
-0.00000000227754
-0.00000000227753
-0.00000000227752
-0.00000000227750
-0.00000000227749
-0.00000000227748
-0.00000000227747
-0.00000000227745
-0.00000000227744
-0.00000000227743
-0.00000000227742
-0.00000000227741
-0.00000000227740
-0.00000000227740
-0.00000000227739
-0.00000000227738
-0.00000000227737
-0.00000000227736
-0.00000000227736
-0.00000000227735
-0.00000000227734
-0.00000000227734
-0.00000000227733
-0.00000000227732
-0.00000000227732
-0.00000000227731
-0.00000000227731
-0.00000000227730
-0.00000000227729
-0.00000000227729
-0.00000000227729
-0.00000000227728
-0.00000000227728
-0.00000000227727
-0.00000000227727
-0.00000000227726
-0.00000000227726
-0.00000000227726
-0.00000000227725
-0.00000000227725
-0.00000000227725
-0.00000000227724
-0.00000000227724
-0.00000000227724
-0.00000000227723
-0.00000000227723
-0.00000000227723
-0.00000000227722
-0.00000000227722
-0.00000000227722
-0.00000000227721
-0.00000000227721
-0.00000000227721
-0.00000000227720
-0.00000000227720
-0.00000000227720
-0.00000000227719
-0.00000000227719
-0.00000000227719
-0.00000000227718
-0.00000000227718
-0.00000000227718
-0.00000000227717
-0.00000000227717
-0.00000000227717
-0.00000000227717
-0.00000000227716
-0.00000000227716
-0.00000000227716
-0.00000000227716
-0.00000000227715
-0.00000000227715
-0.00000000227715
-0.00000000227715
-0.00000000227715
-0.00000000227714
-0.00000000227714
-0.00000000227714
-0.00000000227714
-0.00000000227714
-0.00000000227713
-0.00000000227713
-0.00000000227713
-0.00000000227713
-0.00000000227713
-0.00000000227713
-0.00000000227712
-0.00000000227712
-0.00000000227712
-0.00000000227712
-0.00000000227712
-0.00000000227712
-0.00000000227712
-0.00000000227711
-0.00000000227711
-0.00000000227711
-0.00000000227711
-0.00000000227711
-0.00000000227711
-0.00000000227711
-0.00000000227711
-0.00000000227711
-0.00000000227710
-0.00000000227710
-0.00000000227710
-0.00000000227710
-0.00000000227710
-0.00000000227710
-0.00000000227710
-0.00000000227710
-0.00000000227710
-0.00000000227710
-0.00000000227710
-0.00000000227710
-0.00000000227709
-0.00000000227709
-0.00000000227709
-0.00000000227709
-0.00000000227709
-0.00000000227709
-0.00000000227709
-0.00000000227709
-0.00000000227709
-0.00000000227709
-0.00000000227709
-0.00000000227709
-0.00000000227709
-0.00000000227709
-0.00000000227709
-0.00000000227709
-0.00000000227709
-0.00000000227709
-0.00000000227709
-0.00000000227709
-0.00000000227709
-0.00000000227709
-0.00000000227709
-0.00000000227709
-0.00000000227709
-0.00000000227709
-0.00000000227709
-0.00000000227709
-0.00000000227708
-0.00000000227708
-0.00000000227708
-0.00000000227708
-0.00000000227708
-0.00000000227708
-0.00000000227708
-0.00000000227708
-0.00000000227708
-0.00000000227708
-0.00000000227708
-0.00000000227708
-0.00000000227708
-0.00000000227708
-0.00000000227708
-0.00000000227708
-0.00000000227708
-0.00000000227708
-0.00000000227708
-0.00000000227708
-0.00000000227708
-0.00000000227708
-0.00000000227708
-0.00000000227708
-0.00000000227708
-0.00000000227708
-0.00000000227708
-0.00000000227708
-0.00000000227708
-0.00000000227708
-0.00000000227708
-0.00000000227708
-0.00000000227708
-0.00000000227708
-0.00000000227708
-0.00000000227708
-0.00000000227708
-0.00000000227708
-0.00000000227708
-0.00000000227708
-0.00000000227708
-0.00000000227708
-0.00000000227708
-0.00000000227708
-0.00000000227708
-0.00000000227708
-0.00000000227708
-0.00000000227708
-0.00000000227708
-0.00000000227708
-0.00000000227708
-0.00000000227708
-0.00000000227708
-0.00000000227708
-0.00000000227708
-0.00000000227708
-0.00000000227708
-0.00000000227708
-0.00000000227708
-0.00000000227708
-0.00000000227708
-0.00000000227708
-0.00000000227708
-0.00000000227708
-0.00000000227708
-0.00000000227708
-0.00000000227708
-0.00000000227708
-0.00000000227708
-0.00000000227708
-0.00000000227708
-0.00000000227708
-0.00000000227708
-0.00000000227708
-0.00000000227708
-0.00000000227708
-0.00000000227708
-0.00000000227708
-0.00000000227708
-0.00000000227708
-0.00000000227708
-0.00000000227708
-0.00000000227708
-0.00000000227708
-0.00000000227708
-0.00000000227708
-0.00000000227708
-0.00000000227708
-0.00000000227708
-0.00000000227708
-0.00000000227708
-0.00000000227708
-0.00000000227708
-0.00000000227708
-0.00000000227708
-0.00000000227708
-0.00000000227708
-0.00000000227708
-0.00000000227708
-0.00000000227708
-0.00000000227708
-0.00000000227708
-0.00000000227708
-0.00000000227708
-0.00000000227708
-0.00000000227708
-0.00000000227708
-0.00000000227708
-0.00000000227708
-0.00000000227708
-0.00000000227708
-0.00000000227708
-0.00000000227708
-0.00000000227708
-0.00000000227708
-0.00000000227708
-0.00000000227708
-0.00000000227708
-0.00000000227708
-0.00000000227708
-0.00000000227708
-0.00000000227708
-0.00000000227708
-0.00000000227708
-0.00000000227708
-0.00000000019025
0.00000076967910
0.00000467784491
0.00001272821499
0.00002486325738
0.00004034236924
0.00005816996605
0.00007751255398
0.00009830753121
0.00012122541286
0.00014708226009
0.00017647994474
0.00020963604991
0.00024643176636
0.00028692189837
0.00033148144945
0.00038042896769
0.00043385791635
0.00049158502091
0.00055322713361
0.00061867028721
0.00068817806234
0.00076193504418
0.00084001876645
0.00092227377842
0.00100833612160
0.00109805563888
0.00119164952758
0.00128923771538
0.00139082520271
0.00149619233626
0.00160491845426
0.00171678550301
0.00183197547624
0.00195059289315
0.00207263440312
0.00219788026615
0.00232590706348
0.00245647009902
0.00258973746815
0.00272580948491
0.00286467866148
0.00300612873059
0.00314973975777
0.00329525260254
0.00344282838985
0.00359257062087
0.00374447571874
0.00389833767061
0.00405374778468
0.00421044498525
0.00436859290535
0.00452830487753
0.00468958380441
0.00485223880798
0.00501588021225
0.00518025951731
0.00534555228060
0.00551188834400
0.00567928392076
0.00584756755806
0.00601637280434
0.00618547291997
0.00635505917930
0.00652527703786
0.00669615599483
0.00686754178645
0.00703908942602
0.00721059812091
0.00738227552804
0.00755427840542
0.00772664315495
0.00789922593703
0.00807169842797
0.00824388849653
0.00841601930685
0.00858825397237
0.00876062924849
0.00893300510712
0.00910506564911
0.00927667116116
0.00944805937487
0.00961939453949
0.00979071048970
0.00996186632591
0.01013255640989
0.01030267869822
0.01047248395875
0.01064213227649
0.01081165124550
0.01098089472514
0.01114956673165
0.01131760906503
0.01148528299747
0.01165273913528
0.01181999509314
0.01198689491103
0.01215315337164
0.01231876203297
0.01248398915355
0.01264897093838
0.01281370867178
0.01297803125849
0.01314166805758
0.01330466565281
0.01346729365174
0.01362966860064
0.01379177158184
0.01395341281839
0.01411434510868
0.01427467280624
0.01443465908110
0.01459439562107
0.01475383916845
0.01491277917992
0.01507100659495
0.01522868227785
0.01538605564307
0.01554318884949
0.01570000866072
0.01585628386388
0.01601186306031
0.01616695653627
0.01632178875015
0.01647638926886
0.01663065282830
0.01678433426336
0.01693736121933
0.01708997903345
0.01724237541403
0.01739454400458
0.01754634327259
0.01769752953131
0.01784812564966
0.01799839289908
0.01814847120189
0.01829831599742
0.01844774713911
0.01859655247299
0.01874485144497
0.01889289900514
0.01904077639404
0.01918840016350
0.01933555535598
0.01948210423776
0.01962824402427
0.01977420140584
0.01991999439474
0.02006549521414
0.02021047050480
0.02035489699552
0.02049901521197
0.02064299990924
0.02078680601301
0.02093026031663
0.02107315579074
0.02121559574721
0.02135782552407
0.02149994491909
0.02164185010505
0.02178332647737
0.02192426141327
0.02206485242799
0.02220531444012
0.02234565623444
0.02248572151467
0.02262528928690
0.02276439376417
0.02290326919105
0.02304206519393
0.02318069994767
0.02331896895894
0.02345672644694
0.02359413727983
0.02373142030321
0.02386862480565
0.02400559411224
0.02414210828440
0.02427818044020
0.02441403207990
0.02454982315910
0.02468548611708
0.02482080898230
0.02495565343638
0.02509018033094
0.02522459704118
0.02535895780159
0.02549309377394
0.02562679212018
0.02576009478444
0.02589321478632
0.02602629373295
0.02615925035845
0.02629185682857
0.02642402542528
0.02655593598482
0.02668777172581
0.02681955582518
0.02695108878499
0.02708219185026
0.02721297378235
0.02734363279080
0.02747426521988
0.02760474012742
0.02773483108588
0.02786455621234
0.02799410912290
0.02812362715607
0.02825306292710
0.02838218102534
0.02851091199188
0.02863942682228
0.02876788451322
0.02889630166968
0.02902447302555
0.02915225895794
0.02927979608491
0.02940725331690
0.02953468669826
0.02966194187828
0.02978882933151
0.02991544618679
0.03004196256844
0.03016845648023
0.03029482165984
0.03042084603465
0.03054659055678
0.03067222153953
0.03079782804925
0.03092333692635
0.03104853540452
0.03117345503266
0.03129825531629
0.03142302849462
0.03154771893682
0.03167212701490
0.03179626628668
0.03192028833313
0.03204428184431
0.03216819568286
0.03229184772404
0.03241524899131
0.03253854311374
0.03266180933269
0.03278499115257
0.03290792656724
0.03303063684159
0.03315325583652
0.03327584700774
0.03339834072578
0.03352060094062
0.03364266861298
0.03376466485686
0.03388663072972
0.03400847840627
0.03413010821307
0.03425158377453
0.03437300903643
0.03449439561305
0.03461563904076
0.03473669200084
0.03485763289377
0.03497854064202
0.03509938954729
0.03522007421405
0.03534060857201
0.03546107230219
0.03558151028558
0.03570185516835
0.03582203724364
0.03594211849147
0.03606216398312
0.03618217330796
0.03630204932347
0.03642179995936
0.03654149969019
0.03666118231022
0.03678079230770
0.03690025482523
0.03701965447567
0.03713904059426
0.03725839945312
0.03737763575359
0.03749677045695
0.03761590099850
0.03773503003854
0.03785408404644
0.03797301085043
0.03809191934351
0.03821085255080
0.03832975394949
0.03844853377685
0.03856726263541
0.03868603668990
0.03880481635456
0.03892349973239
0.03904210792182
0.03916075834975
0.03927945240947
0.03939808126375
0.03951662612543
0.03963520198233
0.03975385328820
0.03987247206064
0.03999101008557
0.04010957201842
0.04022822449971
0.04034687759527
0.04046546147458
0.04058407137738
0.04070277788754
0.04082151170944
0.04094019445099
0.04105891508771
0.04117773757234
0.04129660379679
0.04141544429342
0.04153434254160
0.04165334777222
0.04177240293821
0.04189146595442
0.04201061202007
0.04212986753096
0.04224917509669
0.04236853220526
0.04248799906156
0.04260757120479
0.04272720723212
0.04284694131491
0.04296680627301
0.04308676502659
0.04320682172190
0.04332702159526
0.04344735738336
0.04356778589178
0.04368836939351
0.04380912630459
0.04393000607732
0.04405101912268
0.04417224202121
0.04429363632527
0.04441516054503
0.04453689273152
0.04465885564188
0.04478097338618
0.04490329114340
0.04502587164095
0.04514865845911
0.04527165157906
0.04539491984438
0.04551844621101
0.04564220642385
0.04576625795448
0.04589059702813
0.04601521606335
0.04614015183521
0.04626539750377
0.04639097319478
0.04651690419661
0.04664317028585
0.04676981328762
0.04689685707184
0.04702426879807
0.04715210929391
0.04728039536151
0.04740909977831
0.04753828885376
0.04766796372523
0.04779812974664
0.04792883053164
0.04806007457508
0.04819189254754
0.04832429337986
0.04845732967582
0.04859100588121
0.04872535245863
0.04886042328517
0.04899621733131
0.04913279558079
0.04927018706760
0.04940843018489
0.04954756842669
0.04968765909313
0.04982873316665
0.04997086846714
0.05011411049966
0.05025852685188
0.05040420353416
0.05055120270721
0.05069962997180
0.05084957910352
0.05100116524508
0.05115452698287
0.05130980820788
0.05146720311827
0.05162691998844
0.05178924418136
0.05195453028224
0.05212332055940
0.05229639476207
0.05246366276715
0.05258650086294
0.05264188889278
0.05262253152656
0.05253335580903
0.05238609662416
0.05219370330546
0.05196636374028
0.05170985720271
0.05142595623541
0.05111409218960
0.05077312625306
0.05040252579484
0.05000297446497
0.04957651587988
0.04912627104462
0.04865591884926
0.04816935326430
0.04767044392144
0.04716286890230
0.04665108411861
0.04614119840837
0.04563632821759
0.04513772594394
0.04464572718490
0.04416061456256
0.04368309864793
0.04321433932807
0.04275576651524
0.04230882687188
0.04187470208894
0.04145405332954
0.04104703817559
0.04067111526294
0.04039198350088
0.04021913156746
0.04012653943705
0.04007571365171
0.04003170340757
0.03997257232370
0.03986982443260
0.03963964833666
0.03927097479515
0.03880312508284
0.03829410006014
0.03779742433768
0.03734724898693
0.03695425717896
0.03661039643525
0.03629789151408
0.03599803835073
0.03569704981478
0.03538828604824
0.03507154582878
0.03475076333624
0.03443151208406
0.03411918807875
0.03381800432997
0.03353063178901
0.03325835517070
0.03300156999388
0.03276026313997
0.03253427426044
0.03232339892779
0.03212745541596
0.03194622786804
0.03177929977059
0.03162593560669
0.03148513954423
0.03135572590412
0.03123633176977
0.03112545140172
0.03102159440547
0.03092338427252
0.03082954834334
0.03073889590728
0.03065041910883
0.03056333759381
0.03047704559425
0.03039104945932
0.03030504445508
0.03021894003658
0.03013279008094
0.03004670246576
0.02996089981294
0.02987573180661
0.02979159871632
0.02970884380823
0.02962781396368
0.02954888011118
0.02947237796266
0.02939850211059
0.02932738166490
0.02925912212124
0.02919377388757
0.02913123153205
0.02907132179946
0.02901386463629
0.02895866500354
0.02890540985665
0.02885375624805
0.02880340180266
0.02875409039662
0.02870549869560
0.02865730920923
0.02860928209262
0.02856126736761
0.02851307944394
0.02846454450323
0.02841557205334
0.02836617212013
0.02831632511219
0.02826599849975
0.02821522220653
0.02816411319637
0.02811275244793
0.02806117014700
0.02800942936322
0.02795766089910
0.02790595989647
0.02785433836915
0.02780281817699
0.02775147717577
0.02770037286837
0.02764946311242
0.02759870362239
0.02754810429887
0.02749768360326
0.02744735964414
0.02739704235165
0.02734669890808
0.02729633698268
0.02724587423017
0.02719521212316
0.02714431003190
0.02709319392669
0.02704181660581
0.02699009932886
0.02693801517006
0.02688561813522
0.02683291059951
0.02677984107451
0.02672639711473
0.02667264945657
0.02661864253317
0.02656434346152
0.02650974089003
0.02645490100776
0.02639989175869
0.02634468693319
0.02628926154678
0.02623365859561
0.02617795221860
0.02612211833128
0.02606611204880
0.02600994594568
0.02595368946219
0.02589732578620
0.02584079408195
0.02578407982464
0.02572724405372
0.02567028825157
0.02561314659304
0.02555578679147
0.02549826030403
0.02544059494282
0.02538273176148
0.02532462883643
0.02526632636875
0.02520787866023
0.02514924307022
0.02509037206690
0.02503129114590
0.02497207275071
0.02491269627819
0.02485310927585
0.02479331805578
0.02473340031845
0.02467336040898
0.02461314176410
0.02455272959117
0.02449219321018
0.02443156166102
0.02437077779327
0.02430980665039
0.02424869916541
0.02418750658540
0.02412617896624
0.02406466552135
0.02400299417684
0.02394123142634
0.02387934397402
0.02381727033480
0.02375501444054
0.02369264963429
0.02363016838288
0.02356750483326
0.02350464121915
0.02344164692961
0.02337854420984
0.02331526937045
0.02325178669506
0.02318815178391
0.02312441395868
0.02306051915286
0.02299641663341
0.02293214048288
0.02286776056036
0.02280324127035
0.02273852109013
0.02267360926684
0.02260858384268
0.02254343430851
0.02247809250453
0.02241254321192
0.02234686053114
0.02228106315618
0.02221508266588
0.02214888281121
0.02208252328446
0.02201605084117
0.02194940491506
0.02188253270025
0.02181547231826
0.02174829230678
0.02168094906373
0.02161337794877
0.02154559225740
0.02147767218121
0.02140959915054
0.02134130156995
0.02127276819819
0.02120407893265
0.02113524504687
0.02106619360385
0.02099689174376
0.02092740779736
0.02085778291271
0.02078794970981
0.02071785775638
0.02064755529264
0.02057710845866
0.02050646341906
0.02043555641064
0.02036441098068
0.02029310941586
0.02022161924880
0.02014986767557
0.02007785294509
0.02000566228082
0.01993329062458
0.01986066074895
0.01978774864087
0.01971463494560
0.01964134415631
0.01956779985787
0.01949395938504
0.01941988798850
0.01934563831879
0.01927114124266
0.01919633928418
0.01912127648148
0.01904602825341
0.01897053940017
0.01889474113845
0.01881865381301
0.01874236726012
0.01866584645418
0.01858901463881
0.01851186916466
0.01843450425942
0.01835690992299
0.01827900479027
0.01820076647200
0.01812228379632
0.01804357367216
0.01796455363293
0.01788518466501
0.01780554283935
0.01772567177730
0.01764549222520
0.01756495183643
0.01748410975997
0.01740303250214
0.01732164798883
0.01723989286187
0.01715780650622
0.01707547398707
0.01699283521907
0.01690981848887
0.01682644506310
0.01674281097470
0.01665887048683
0.01657454477075
0.01648983768674
0.01640485013815
0.01631955447114
0.01623386717087
0.01614777785348
0.01606138630293
0.01597468345880
0.01588758225710
0.01580006038275
0.01571221257151
0.01562404779135
0.01553547696944
0.01544646797763
0.01535710791710
0.01526742287564
0.01517732342222
0.01508676969866
0.01499584054733
0.01490457628764
0.01481288790498
0.01472072920577
0.01462817053660
0.01453526400908
0.01444192216341
0.01434809413663
0.01425384245980
0.01415922796369
0.01406416544959
0.01396860078511
0.01387259141276
0.01377620310376
0.01367935182529
0.01358198095048
0.01348414413022
0.01338590959867
0.01328719481171
0.01318794240311
0.01308820408121
0.01298804770341
0.01288739188877
0.01278617988273
0.01268446358030
0.01258230758596
0.01247963045982
0.01237637735079
0.01227260232723
0.01216836417842
0.01206358047525
0.01195819996740
0.01185228073383
0.01174587307862
0.01163889286472
0.01153129431517
0.01142314035862
0.01131446932600
0.01120519624150
0.01109528342904
0.01098479933228
0.01087376702346
0.01076210109532
0.01064977436200
0.01053685977091
0.01042336209620
0.01030919706581
0.01019435105866
0.01007889878181
0.00996282466562
0.00984604808550
0.00972857220734
0.00961046807710
0.00949169940205
0.00937219261876
0.00925197055994
0.00913109157903
0.00900950085555
0.00888713730109
0.00876404518858
0.00864026064150
0.00851571581400
0.00839036609348
0.00826427421757
0.00813744298896
0.00800980003365
0.00788132470761
0.00775208984877
0.00762206016811
0.00749116864361
0.00735942475074
0.00722689294526
0.00709350408014
0.00695920624692
0.00682404268343
0.00668804445300
0.00655112426015
0.00641325495876
0.00627450812490
0.00613485998604
0.00599422819433
0.00585261871922
0.00571010761989
0.00556661227453
0.00542207578313
0.00527657453012
0.00513054446771
0.00498430684839
0.00483802013985
0.00469177467059
0.00454569461105
0.00440002824136
0.00425511520390
0.00411042791895
0.00395921236140
0.00379765630299
0.00362668032056
0.00344957160123
0.00327039470865
0.00309263834619
0.00291836959268
0.00274820396405
0.00258178479389
0.00241836331616
0.00225720426746
0.00209788763846
0.00194007108263
0.00178290579807
0.00162558862299
0.00146773885871
0.00130949057734
0.00115140013211
0.00099424582220
0.00083883919944
0.00068601964966
0.00053630430096
0.00038986336576
0.00024666226572
0.00010633471983
-0.00003227056703
-0.00017044280940
-0.00030907313442
-0.00044847313464
-0.00058842684708
-0.00072838755886
-0.00086769789650
-0.00100564796362
-0.00114175601198
-0.00127585033057
-0.00140794053186
-0.00153828083540
-0.00166786393721
-0.00179789658683
-0.00192921888638
-0.00206209792193
-0.00219625731227
-0.00233106215069
-0.00246574548779
-0.00259948595901
-0.00273164930557
-0.00286193148424
-0.00299023452257
-0.00311667721638
-0.00324209041976
-0.00336763412684
-0.00349417321774
-0.00362204249062
-0.00375104808751
-0.00388063214191
-0.00401009344728
-0.00413868057244
-0.00426578200972
-0.00439111903899
-0.00451462440356
-0.00463641032201
-0.00475723074079
-0.00487825132767
-0.00500039008214
-0.00512405440480
-0.00524911680842
-0.00537506158386
-0.00550120069046
-0.00562678873058
-0.00575116775155
-0.00587400576382
-0.00599518794249
-0.00611475827362
-0.00623332679453
-0.00635199705272
-0.00647168749594
-0.00659284007570
-0.00671537101259
-0.00683879860240
-0.00696245148908
-0.00708560377637
-0.00720757919046
-0.00732802090837
-0.00744680041015
-0.00756393981530
-0.00767994800983
-0.00779589413800
-0.00791272705553
-0.00803095213539
-0.00815055660301
-0.00827111712537
-0.00839199837395
-0.00851250539713
-0.00863195697901
-0.00874997183583
-0.00886640372591
-0.00898125214063
-0.00909492149201
-0.00920842190334
-0.00932271159766
-0.00943834000845
-0.00955534910698
-0.00967336085036
-0.00979176522903
-0.00990988627332
-0.01002703635492
-0.01014280274701
-0.01025701705356
-0.01036965866898
-0.01048103811975
-0.01059209794675
-0.01070380333938
-0.01081674881262
-0.01093103599276
-0.01104634013960
-0.01116208619104
-0.01127762503929
-0.01139227814475
-0.01150560494006
-0.01161741922360
-0.01172768726268
-0.01183664177932
-0.01194515045900
-0.01205418073777
-0.01216436826652
-0.01227587199274
-0.01238841961540
-0.01250147083244
-0.01261439807180
-0.01272653432316
-0.01283741188892
-0.01294682459073
-0.01305472417838
-0.01316127563829
-0.01326725984812
-0.01337363672463
-0.01348107601691
-0.01358979047061
-0.01369956001109
-0.01380988110575
-0.01392014814952
-0.01402971138411
-0.01413807914287
-0.01424502643889
-0.01435049226179
-0.01445458875790
-0.01455800455922
-0.01466168566497
-0.01476633180124
-0.01487220793737
-0.01497914714025
-0.01508668512416
-0.01519423914780
-0.01530118048739
-0.01540699670000
-0.01551144363140
-0.01561444690572
-0.01571607697190
-0.01581692646045
-0.01591791894964
-0.01601977811529
-0.01612281745041
-0.01622692203765
-0.01633166761185
-0.01643649451859
-0.01654079672491
-0.01664404497582
-0.01674597549291
-0.01684650006200
-0.01694565809366
-0.01704394611302
-0.01714225635560
-0.01724133090937
-0.01734152864314
-0.01744278623311
-0.01754472104367
-0.01764679812497
-0.01774843533890
-0.01784909218480
-0.01794848515091
-0.01804651196926
-0.01814318882544
-0.01823891998613
-0.01833455740349
-0.01843085600708
-0.01852821634858
-0.01862662547969
-0.01872574318979
-0.01882506059341
-0.01892401917482
-0.01902207304086
-0.01911891855905
-0.01921443908987
-0.01930863310511
-0.01940181926983
-0.01949480009300
-0.01958833768952
-0.01968287032605
-0.01977843391590
-0.01987473127953
-0.01997128122009
-0.02006754975493
-0.02016299211598
-0.02025728226821
-0.02035028834052
-0.02044199496452
-0.02053264500942
-0.02062298273759
-0.02071377218445
-0.02080548550053
-0.02089820587868
-0.02099167961863
-0.02108545482417
-0.02117901911273
-0.02127183508311
-0.02136355675624
-0.02145403787004
-0.02154325150420
-0.02163137505411
-0.02171908610072
-0.02180714435599
-0.02189605111064
-0.02198593455569
-0.02207658454794
-0.02216758008517
-0.02225842993695
-0.02234860921329
-0.02243775313496
-0.02252570121521
-0.02261241621839
-0.02269802210185
-0.02278312249666
-0.02286846649435
-0.02295457977336
-0.02304163309177
-0.02312945976269
-0.02321767114546
-0.02330579708396
-0.02339332931015
-0.02347988612098
-0.02356529294483
-0.02364950247105
-0.02373259631106
-0.02381509983998
-0.02389774532398
-0.02398107809485
-0.02406530871421
-0.02415031339211
-0.02423573692684
-0.02432113039472
-0.02440600509366
-0.02448996514475
-0.02457282206507
-0.02465451842712
-0.02473510385699
-0.02481502359203
-0.02489498631327
-0.02497555208295
-0.02505696821026
-0.02513915298342
-0.02522178556388
-0.02530443898181
-0.02538664800592
-0.02546800462129
-0.02554830526457
-0.02562748164833
-0.02570555999258
-0.02578290702959
-0.02586020115813
-0.02593801260673
-0.02601662233790
-0.02609598962935
-0.02617582860555
-0.02625573477380
-0.02633526484986
-0.02641400508430
-0.02649173804303
-0.02656838496771
-0.02664395490916
-0.02671874008008
-0.02679338096890
-0.02686845268834
-0.02694426607815
-0.02702081987664
-0.02709786361662
-0.02717501650609
-0.02725185719812
-0.02732797124507
-0.02740312754214
-0.02747723691812
-0.02755029568357
-0.02762252824227
-0.02769453014206
-0.02776687652889
-0.02783990433956
-0.02791364995127
-0.02798789836210
-0.02806229360373
-0.02813643688973
-0.02820991830028
-0.02828249167941
-0.02835405697723
-0.02842460095133
-0.02849428959868
-0.02856366626338
-0.02863330129669
-0.02870355391012
-0.02877449622398
-0.02884594870489
-0.02891758143084
-0.02898901602009
-0.02905985208196
-0.02912983072818
-0.02919884190861
-0.02926686430798
-0.02933401475215
-0.02940077874988
-0.02946771675993
-0.02953520594616
-0.02960335166518
-0.02967200934231
-0.02974087605945
-0.02980959345015
-0.02987777466008
-0.02994514940748
-0.03001159807007
-0.03007709205912
-0.03014170877485
-0.03020587185494
-0.03027012699341
-0.03033486508103
-0.03040022203355
-0.03046608743192
-0.03053218604019
-0.03059817966273
-0.03066369945980
-0.03072846396176
-0.03079234363298
-0.03085530266112
-0.03091738940242
-0.03097896299001
-0.03104054911533
-0.03110254815596
-0.03116512384676
-0.03122819906681
-0.03129152692562
-0.03135478904111
-0.03141763550408
-0.03147977802821
-0.03154107828396
-0.03160149342701
-0.03166105017110
-0.03172004359710
-0.03177897402041
-0.03183824681110
-0.03189805025153
-0.03195833910041
-0.03201889506169
-0.03207941997465
-0.03213958409326
-0.03219909558797
-0.03225780783210
-0.03231567101383
-0.03237269681197
-0.03242911903336
-0.03248540707493
-0.03254196692429
-0.03259900804219
-0.03265651545224
-0.03271429950555
-0.03277208289033
-0.03282955777301
-0.03288643178191
-0.03294254942841
-0.03299785364594
-0.03305234594646
-0.03310620441194
-0.03315986207458
-0.03321372146281
-0.03326800984102
-0.03332274069852
-0.03337775285634
-0.03343279046779
-0.03348756591114
-0.03354179128358
-0.03359530373318
-0.03364803963217
-0.03369999312680
-0.03375129348194
-0.03380233227861
-0.03385350427839
-0.03390505074205
-0.03395701137338
-0.03400925294913
-0.03406154178365
-0.03411361084781
-0.03416518081863
-0.03421608109972
-0.03426624151027
-0.03431565061357
-0.03436439731660
-0.03441282758168
-0.03446132459014
-0.03451013997861
-0.03455933730586
-0.03460881052655
-0.03465834860235
-0.03470770350031
-0.03475660799916
-0.03480488600525
-0.03485246176832
-0.03489931926930
-0.03494551527793
-0.03499134697741
-0.03503718184141
-0.03508327789413
-0.03512971981230
-0.03517642767785
-0.03522321348151
-0.03526984792983
-0.03531607871179
-0.03536172581664
-0.03540670859030
-0.03545100697262
-0.03549465438574
-0.03553789714407
-0.03558108277640
-0.03562447167450
-0.03566816676230
-0.03571211304255
-0.03575614579717
-0.03580005467610
-0.03584360532717
-0.03588661471503
-0.03592899743404
-0.03597072918267
-0.03601182668908
-0.03605248665952
-0.03609303336128
-0.03613372605082
-0.03617468292135
-0.03621587220238
-0.03625715215480
-0.03629833088167
-0.03633919232520
-0.03637955399622
-0.03641932700097
-0.03645848321150
-0.03649702900954
-0.03653511355862
-0.03657303335399
-0.03661104238801
-0.03664927078592
-0.03668770824872
-0.03672623585128
-0.03676468057404
-0.03680284631806
-0.03684055331062
-0.03687770936295
-0.03691428246348
-0.03695027218938
-0.03698578522908
-0.03702108724832
-0.03705642370334
-0.03709193342410
-0.03712762540292
-0.03716340272429
-0.03719911119781
-0.03723457362962
-0.03726961672592
-0.03730414644587
-0.03733812761591
-0.03737155618482
-0.03740450245307
-0.03743719719472
-0.03746987347863
-0.03750267523801
-0.03753562847140
-0.03756865757298
-0.03760162760329
-0.03763438075202
-0.03766675311371
-0.03769864914305
-0.03773003079603
-0.03776089144101
-0.03779127213388
-0.03782136687916
-0.03785139347750
-0.03788149763738
-0.03791171976609
-0.03794200426322
-0.03797223534519
-0.03800227329281
-0.03803196645185
-0.03806121964211
-0.03808999295554
-0.03811827830839
-0.03814609515947
-0.03817359840224
-0.03820098708584
-0.03822840498146
-0.03825590415970
-0.03828344777519
-0.03831093931129
-0.03833825722195
-0.03836526466754
-0.03839186767610
-0.03841802500309
-0.03844372710122
-0.03846897839191
-0.03849389524041
-0.03851865547460
-0.03854339766188
-0.03856818261107
-0.03859299043746
-0.03861774339953
-0.03864233733216
-0.03866665147256
-0.03869059549215
-0.03871412799927
-0.03873723835598
-0.03875992249886
-0.03878225904039
-0.03880440143587
-0.03882647941672
-0.03884855943079
-0.03887063676977
-0.03889265210037
-0.03891451873558
-0.03893613353248
-0.03895741134155
-0.03897831133483
-0.03899882172733
-0.03901893405117
-0.03903869297809
-0.03905822556824
-0.03907764970242
-0.03909703433077
-0.03911638767030
-0.03913566783012
-0.03915480519672
-0.03917371417062
-0.03919231749475
-0.03921057624337
-0.03922847798443
-0.03924601365065
-0.03926319838782
-0.03928013015712
-0.03929691165398
-0.03931361101235
-0.03933024710145
-0.03934679459511
-0.03936320102138
-0.03937939884793
-0.03939532071475
-0.03941093050836
-0.03942621553685
-0.03944116766590
-0.03945577883693
-0.03947011644738
-0.03948426530958
-0.03949828950053
-0.03951221594263
-0.03952603450721
-0.03953970958118
-0.03955319104270
-0.03956642380006
-0.03957937609913
-0.03959203584350
-0.03960439669505
-0.03961643416319
-0.03962818392505
-0.03963971021577
-0.03965106970759
-0.03966229462408
-0.03967338852784
-0.03968433240055
-0.03969509342723
-0.03970563057264
-0.03971591770902
-0.03972594412320
-0.03973570524042
-0.03974516668473
-0.03975433293378
-0.03976324554996
-0.03977195064143
-0.03978048279849
-0.03978885739305
-0.03979707138482
-0.03980510872975
-0.03981294386004
-0.03982055798662
-0.03982794280819
-0.03983509559266
-0.03984197830646
-0.03984856525167
-0.03985487315870
-0.03986093435939
-0.03986678280178
-0.03987244371850
-0.03987792939769
-0.03988324025192
-0.03988836702136
-0.03989330023604
-0.03989803513156
-0.03990257060607
-0.03990686951928
-0.03991087917882
-0.03991458993001
-0.03991801737265
-0.03992119166127
-0.03992414556994
-0.03992690566204
-0.03992948852701
-0.03993190159029
-0.03993414657312
-0.03993622343415
-0.03993813280832
-0.03993984230753
-0.03994127628943
-0.03994239719797
-0.03994320101555
-0.03994371094493
-0.03994396551124
-0.03994400599985
-0.03994386648517
-0.03994357184966
-0.03994313683622
-0.03994256673570
-0.03994186320086
-0.03994100049102
-0.03993988749728
-0.03993845898424
-0.03993668904458
-0.03993459008866
-0.03993220127557
-0.03992957244332
-0.03992675034184
-0.03992377421126
-0.03992067284849
-0.03991745922828
-0.03991413837056
-0.03991069211339
-0.03990701955085
-0.03990302741961
-0.03989866592429
-0.03989393423965
-0.03988887096586
-0.03988353548491
-0.03987798930421
-0.03987228748032
-0.03986647484036
-0.03986057340022
-0.03985459182940
-0.03984851925088
-0.03984225124288
-0.03983566644464
-0.03982868926603
-0.03982130297820
-0.03981354335558
-0.03980547812112
-0.03979718350375
-0.03978873029418
-0.03978018060503
-0.03977156743662
-0.03976290409127
-0.03975418571934
-0.03974531041251
-0.03973613039025
-0.03972654242909
-0.03971651057687
-0.03970606437586
-0.03969527739948
-0.03968423942704
-0.03967303671233
-0.03966174885531
-0.03965042137926
-0.03963907313235
-0.03962770466365
-0.03961622219774
-0.03960445365351
-0.03959226656136
-0.03957960272956
-0.03956648239316
-0.03955298283080
-0.03953920653700
-0.03952525511686
-0.03951122573637
-0.03949717892622
-0.03948314051214
-0.03946911568771
-0.03945502248927
-0.03944066921238
-0.03942589331194
-0.03941061161226
-0.03939483173639
-0.03937863200298
-0.03936212621080
-0.03934543134307
-0.03932866188839
-0.03931189503812
-0.03929516479702
-0.03927848077474
-0.03926177587089
-0.03924484374000
-0.03922749092148
-0.03920960656723
-0.03919118241024
-0.03917229514368
-0.03915306844564
-0.03913363448128
-0.03911412414849
-0.03909463375065
-0.03907520718476
-0.03905585859641
-0.03903653608546
-0.03901702579435
-0.03899710350477
-0.03897662845040
-0.03895557315109
-0.03893400965334
-0.03891206964764
-0.03888990027840
-0.03886764861216
-0.03884543119754
-0.03882330329255
-0.03880128411284
-0.03877933713468
-0.03875724819428
-0.03873476267138
-0.03871170779866
-0.03868803364139
-0.03866380457724
-0.03863915838012
-0.03861425670686
-0.03858926161674
-0.03856431155418
-0.03853947536002
-0.03851477835292
-0.03849019737575
-0.03846552571441
-0.03844048015717
-0.03841485433943
-0.03838857264699
-0.03836168844607
-0.03833434321853
-0.03830671235178
-0.03827897312303
-0.03825128592642
-0.03822373491368
-0.03819635257522
-0.03816912769827
-0.03814186817432
-0.03811426453887
-0.03808607549848
-0.03805719671257
-0.03802766725274
-0.03799762989368
-0.03796727275524
-0.03793678757778
-0.03790635675000
-0.03787608262704
-0.03784600642672
-0.03781612666073
-0.03778627138031
-0.03775610930617
-0.03772536341233
-0.03769389768955
-0.03766173337044
-0.03762901167243
-0.03759593199537
-0.03756270118880
-0.03752952271774
-0.03749651894096
-0.03746374104496
-0.03743119603404
-0.03739873665410
-0.03736601495741
-0.03733271771006
-0.03729867456074
-0.03726388547985
-0.03722848726302
-0.03719268900438
-0.03715671231394
-0.03712078019094
-0.03708503829050
-0.03704954964280
-0.03701432870634
-0.03697925452172
-0.03694396987904
-0.03690812547932
-0.03687151416533
-0.03683411104116
-0.03679604521663
-0.03675753346900
-0.03671881258059
-0.03668012406629
-0.03664163818921
-0.03660343119781
-0.03656552473282
-0.03652782502215
-0.03648997346267
-0.03645158527148
-0.03641241438801
-0.03637240763999
-0.03633168320894
-0.03629046344619
-0.03624899989968
-0.03620755028747
-0.03616631232407
-0.03612537780397
-0.03608477597872
-0.03604443812957
-0.03600401355639
-0.03596308350517
-0.03592136122229
-0.03587876175247
-0.03583538875329
-0.03579146762181
-0.03574726439287
-0.03570305267216
-0.03565905776453
-0.03561538862400
-0.03557208283022
-0.03552909425728
-0.03548608928088
-0.03544261776031
-0.03539835107359
-0.03535316928274
-0.03530715792855
-0.03526054272594
-0.03521360322672
-0.03516662683649
-0.03511986761212
-0.03507345474045
-0.03502743570888
-0.03498178397444
-0.03493619118026
-0.03489017881074
-0.03484337511375
-0.03479562187164
-0.03474698282544
-0.03469768121233
-0.03464800910872
-0.03459826862544
-0.03454874121990
-0.03449957815321
-0.03445083798930
-0.03440250996382
-0.03435431809710
-0.03430576147135
-0.03425642525876
-0.03420611024013
-0.03415485453254
-0.03410287552456
-0.03405047593245
-0.03399797134906
-0.03394566928878
-0.03389374700057
-0.03384227625878
-0.03379125995940
-0.03374045952663
-0.03368935718237
-0.03363749447401
-0.03358462821395
-0.03353076712690
-0.03347611960782
-0.03342099730925
-0.03336573080793
-0.03331065154228
-0.03325596444871
-0.03320175576398
-0.03314803962320
-0.03309461724435
-0.03304096312033
-0.03298657628661
-0.03293116748910
-0.03287471229689
-0.03281740639084
-0.03275956784998
-0.03270154216076
-0.03264368240718
-0.03258622375635
-0.03252926875502
-0.03247284176753
-0.03241678409803
-0.03236057202313
-0.03230366325353
-0.03224572045443
-0.03218668234441
-0.03212672819842
-0.03206617999712
-0.03200539765445
-0.03194475239004
-0.03188451344805
-0.03182480236632
-0.03176565376993
-0.03170694710095
-0.03164817056476
-0.03158874205097
-0.03152827421491
-0.03146666517477
-0.03140407396107
-0.03134082375785
-0.03127728924445
-0.03121385880142
-0.03115083574253
-0.03108836214343
-0.03102648312459
-0.03096511247886
-0.03090376172855
-0.03084181233174
-0.03077882608865
-0.03071465716469
-0.03064944032006
-0.03058349673618
-0.03051721493894
-0.03045099873871
-0.03038518614413
-0.03031994217546
-0.03025532360394
-0.03019127409834
-0.03012733881123
-0.03006286680541
-0.02999736832404
-0.02993065031060
-0.02986281923240
-0.02979419100217
-0.02972516675504
-0.02965616294865
-0.02958755299251
-0.02951952878693
-0.02945216080077
-0.02938541777803
-0.02931888722687
-0.02925189080819
-0.02918388659943
-0.02911463103502
-0.02904419814994
-0.02897289515764
-0.02890113437268
-0.02882934636748
-0.02875793715419
-0.02868712746702
-0.02861700278262
-0.02854755222722
-0.02847841275311
-0.02840888645827
-0.02833838002636
-0.02826659682692
-0.02819357435695
-0.02811960726408
-0.02804511671067
-0.02797054731440
-0.02789633518352
-0.02782273298673
-0.02774984311067
-0.02767767146220
-0.02760590837185
-0.02753384565013
-0.02746083962138
-0.02738653820599
-0.02731093827468
-0.02723431793838
-0.02715710461273
-0.02707975613436
-0.02700273493606
-0.02692633073373
-0.02685066558041
-0.02677576014413
-0.02670135932631
-0.02662675443088
-0.02655125232534
-0.02647444303405
-0.02639627869099
-0.02631701689223
-0.02623708866459
-0.02615696680746
-0.02607713707350
-0.02599792726673
-0.02591948050028
-0.02584183063556
-0.02576477599872
-0.02568761960930
-0.02560962145348
-0.02553031226888
-0.02544959565842
-0.02536770445411
-0.02528507008906
-0.02520218016035
-0.02511954051758
-0.02503751921799
-0.02495628267439
-0.02487587762623
-0.02479615181144
-0.02471643292647
-0.02463593732212
-0.02455413534818
-0.02447087833655
-0.02438636997268
-0.02430103866727
-0.02421538632677
-0.02412993610807
-0.02404509770392
-0.02396106332207
-0.02387789323888
-0.02379547887570
-0.02371318539552
-0.02363018988642
-0.02354590171307
-0.02346011639303
-0.02337300399382
-0.02328498621250
-0.02319657809791
-0.02310831563552
-0.02302065224388
-0.02293381008230
-0.02284786491952
-0.02276274553621
-0.02267786568641
-0.02259236825646
-0.02250560103568
-0.02241730017393
-0.02232759760955
-0.02223690457176
-0.02214574821908
-0.02205467842280
-0.02196418914379
-0.02187453448097
-0.02178580697944
-0.02169796675292
-0.02161048613294
-0.02152248126653
-0.02143323910556
-0.02134243362295
-0.02125015422206
-0.02115679756708
-0.02106290076362
-0.02096902706397
-0.02087570844711
-0.02078323431392
-0.02069171599266
-0.02060113927152
-0.02051104220542
-0.02042052315912
-0.02032880922998
-0.02023550953206
-0.02014066649626
-0.02004465798297
-0.01994802847889
-0.01985135484201
-0.01975520357053
-0.01965990294259
-0.01956558521383
-0.01947225709009
-0.01937952592796
-0.01928648380002
-0.01919229976829
-0.01909651585280
-0.01899912306088
-0.01890047587494
-0.01880112300529
-0.01870165529461
-0.01860266952842
-0.01850453636035
-0.01840741122477
-0.01831131881801
-0.01821593632217
-0.01812036200943
-0.01802370911521
-0.01792545066613
-0.01782552197511
-0.01772424958502
-0.01762218311886
-0.01751992781906
-0.01741810638784
-0.01731713498087
-0.01721719453780
-0.01711832597787
-0.01702027338803
-0.01692215553967
-0.01682303305870
-0.01672230865324
-0.01661985779896
-0.01651597431614
-0.01641120503973
-0.01630616888911
-0.01620150806346
-0.01609768948821
-0.01599492338969
-0.01589326704530
-0.01579252600487
-0.01569185366556
-0.01559026147251
-0.01548708046201
-0.01538212208991
-0.01527564261640
-0.01516818232130
-0.01506037456702
-0.01495287931725
-0.01484621285262
-0.01474061640119
-0.01463616383783
-0.01453271526578
-0.01442947371450
-0.01432540736844
-0.01421977575301
-0.01411232280246
-0.01400326229054
-0.01389312361781
-0.01378255335803
-0.01367222642122
-0.01356270826881
-0.01345427423168
-0.01334701627715
-0.01324084145714
-0.01313501555332
-0.01302847008791
-0.01292039329941
-0.01281045818868
-0.01269883117834
-0.01258602647617
-0.01247270225486
-0.01235954679013
-0.01224717312304
-0.01213589418281
-0.01202582200271
-0.01191690226213
-0.01180847464203
-0.01169944293471
-0.01158892512833
-0.01147652021754
-0.01136234227837
-0.01124688559175
-0.01113081746585
-0.01101483887884
-0.01089960726478
-0.01078547699359
-0.01067258247163
-0.01056090099617
-0.01044985388037
-0.01033832792672
-0.01022537244330
-0.01011050971397
-0.00999379657569
-0.00987570253182
-0.00975690102524
-0.00963810594565
-0.00952001465179
-0.00940302698663
-0.00928730214660
-0.00917284346613
-0.00905915787726
-0.00894512803637
-0.00882973682171
-0.00871242753915
-0.00859319498521
-0.00847247885435
-0.00835095521745
-0.00822935150047
-0.00810839969125
-0.00798854907283
-0.00786998612843