0.00000000000000
0.00000002813300
0.00000019199520
0.00000037022032
0.00000050089795
0.00000055498644
0.00000053717674
0.00000047269637
0.00000039247004
0.00000032103165
0.00000027092123
0.00000024319003
0.00000023156363
0.00000022734698
0.00000022305293
0.00000021407811
0.00000019877352
0.00000017764665
0.00000015234648
0.00000012480863
0.00000009670041
0.00000006916784
0.00000004282435
0.00000001789293
-0.00000000559417
-0.00000002762103
-0.00000004808803
-0.00000006679448
-0.00000008348084
-0.00000009789501
-0.00000010985246
-0.00000011927378
-0.00000012619675
-0.00000013076790
-0.00000013322151
-0.00000013385289
-0.00000013299128
-0.00000013097568
-0.00000012813562
-0.00000012477710
-0.00000012117419
-0.00000011756334
-0.00000011413844
-0.00000011104860
-0.00000010839777
-0.00000010624615
-0.00000010461322
-0.00000010348211
-0.00000010280524
-0.00000010251070
-0.00000010250901
-0.00000010269998
-0.00000010297912
-0.00000010324348
-0.00000010339656
-0.00000010335238
-0.00000010303848
-0.00000010239804
-0.00000010139114
-0.00000009999514
-0.00000009820443
-0.00000009602948
-0.00000009349534
-0.00000009063961
-0.00000008751013
-0.00000008416225
-0.00000008065604
-0.00000007705340
-0.00000007341535
-0.00000006979945
-0.00000006625770
-0.00000006283477
-0.00000005956679
-0.00000005648068
-0.00000005359394
-0.00000005091498
-0.00000004844376
-0.00000004617287
-0.00000004408877
-0.00000004217314
-0.00000004040439
-0.00000003875906
-0.00000003721317
-0.00000003574339
-0.00000003432805
-0.00000003294794
-0.00000003158687
-0.00000003023202
-0.00000002887409
-0.00000002750729
-0.00000002612911
-0.00000002474010
-0.00000002334339
-0.00000002194432
-0.00000002054990
-0.00000001916833
-0.00000001780854
-0.00000001647964
-0.00000001519060
-0.00000001394977
-0.00000001276460
-0.00000001164137
-0.00000001058497
-0.00000000959878
-0.00000000868464
-0.00000000784282
-0.00000000707210
-0.00000000636993
-0.00000000573254
-0.00000000515526
-0.00000000463264
-0.00000000415880
-0.00000000372763
-0.00000000333304
-0.00000000296921
-0.00000000263074
-0.00000000231283
-0.00000000201138
-0.00000000172306
-0.00000000144537
-0.00000000117657
-0.00000000091569
-0.00000000066240
-0.00000000041698
-0.00000000018014
0.00000000004705
0.00000000026334
0.00000000046736
0.00000000065776
0.00000000083330
0.00000000099294
0.00000000113589
0.00000000126164
0.00000000137002
0.00000000146116
0.00000000153552
0.00000000159383
0.00000000163709
0.00000000166647
0.00000000168334
0.00000000168913