0.0000000000
-0.0000000679
-0.0000003005
-0.0000004928
-0.0000006328
-0.0000006922
-0.0000006769
-0.0000006134
-0.0000005333
-0.0000004616
-0.0000004112
-0.0000003835
-0.0000003732
-0.0000003719
-0.0000003720
-0.0000003685
-0.0000003594
-0.0000003448
-0.0000003261
-0.0000003050
-0.0000002830
-0.0000002609
-0.0000002390
-0.0000002174
-0.0000001960
-0.0000001746
-0.0000001534
-0.0000001326
-0.0000001126
-0.0000000937
-0.0000000763
-0.0000000607
-0.0000000470
-0.0000000353
-0.0000000255
-0.0000000175
-0.0000000111
-0.0000000061
-0.0000000023
0.0000000005
0.0000000027
0.0000000043
0.0000000056
0.0000000068
0.0000000079
0.0000000091
0.0000000106
0.0000000122
0.0000000141
0.0000000162
0.0000000186
0.0000000211
0.0000000237
0.0000000264
0.0000000291
0.0000000317
0.0000000342
0.0000000365
0.0000000385
0.0000000403
0.0000000417
0.0000000428
0.0000000435
0.0000000438
0.0000000439
0.0000000436
0.0000000430
0.0000000422
0.0000000412
0.0000000401
0.0000000388
0.0000000375
0.0000000361
0.0000000348
0.0000000335
0.0000000322
0.0000000310
0.0000000299
0.0000000289
0.0000000280
0.0000000272
0.0000000264
0.0000000258
0.0000000251
0.0000000245
0.0000000239
0.0000000234
0.0000000228
0.0000000222
0.0000000216
0.0000000210
0.0000000203
0.0000000196
0.0000000189
0.0000000182
0.0000000174
0.0000000166
0.0000000158
0.0000000150
0.0000000142
0.0000000134
0.0000000126
0.0000000118
0.0000000111
0.0000000104
0.0000000097
0.0000000091
0.0000000085
0.0000000079
0.0000000074
0.0000000069
0.0000000065
0.0000000061
0.0000000057
0.0000000053
0.0000000050
0.0000000047
0.0000000044
0.0000000041
0.0000000039
0.0000000036
0.0000000033
0.0000000031
0.0000000028
0.0000000026
0.0000000024
0.0000000021
0.0000000019
0.0000000017
0.0000000014
0.0000000012
0.0000000010
0.0000000009
0.0000000007
0.0000000005
0.0000000004
0.0000000003
0.0000000001
0.0000000000
-0.0000000001
-0.0000000002
-0.0000000002
-0.0000000003
-0.0000000004
-0.0000000004
-0.0000000005
-0.0000000005
-0.0000000005
-0.0000000005
-0.0000000006
-0.0000000006
-0.0000000006
-0.0000000006
-0.0000000007
-0.0000000007
-0.0000000007
-0.0000000007
-0.0000000007
-0.0000000007
-0.0000000007
-0.0000000007
-0.0000000007
-0.0000000007
-0.0000000007
-0.0000000007
-0.0000000007
-0.0000000007
-0.0000000007
-0.0000000007
-0.0000000007
-0.0000000007
-0.0000000007
-0.0000000007
-0.0000000006
-0.0000000006
-0.0000000006
-0.0000000006
-0.0000000006
-0.0000000005
-0.0000000005
-0.0000000005
-0.0000000005
-0.0000000005
-0.0000000005
-0.0000000004
-0.0000000004
-0.0000000004
-0.0000000004
-0.0000000004
-0.0000000004
-0.0000000004
-0.0000000003
-0.0000000003
-0.0000000003
-0.0000000003
-0.0000000003
-0.0000000003
-0.0000000003
-0.0000000003
-0.0000000002
-0.0000000002
-0.0000000002
-0.0000000002
-0.0000000002
-0.0000000002
-0.0000000002
-0.0000000002
-0.0000000002
-0.0000000001
-0.0000000001
-0.0000000001
-0.0000000001
-0.0000000001
-0.0000000001
-0.0000000001
-0.0000000001
-0.0000000001
-0.0000000001
-0.0000000001
-0.0000000001
-0.0000000001
0.0000000000
-0.0000000001
-0.0000000001
-0.0000000001
-0.0000000001
0.0000000000
0.0000000000
0.0000000000
0.0000000000
0.0000000000
0.0000000000
0.0000000000
0.0000000000
0.0000000000
0.0000000000
0.0000000000
0.0000000000
0.0000000000
0.0000000000
0.0000000000
0.0000000000
0.0000000000
0.0000000000
0.0000000000
0.0000000000
0.0000000000
0.0000000000
0.0000000000
0.0000000000
0.0000000000
0.0000000000
0.0000000000
0.0000000000
0.0000000000
0.0000000000
0.0000000000
0.0000000000
0.0000000000
0.0000000000
0.0000000000
0.0000000000
0.0000000000
0.0000000000
0.0000000000
0.0000000000
0.0000000000
0.0000000000
0.0000000000
0.0000000000
0.0000000000
0.0000000000
0.0000000000
0.0000000000
0.0000000000
0.0000000000
0.0000000000
0.0000000000
0.0000000000
0.0000000000
0.0000000000
0.0000000000
0.0000000000
0.0000000000
0.0000000000
0.0000000000
0.0000000000
0.0000000000
0.0000000000
0.0000000000
0.0000000000
0.0000000000
0.0000000000
0.0000000000
0.0000000000
0.0000000000
0.0000000000
0.0000000000
0.0000000000
0.0000000000
0.0000000000
0.0000000000
0.0000000000
0.0000000000
0.0000000000
0.0000000000
0.0000000000
0.0000000000
0.0000000000
0.0000000000
0.0000000000
0.0000000000
0.0000000000
0.0000000000
0.0000000000
0.0000000000
0.0000000000
0.0000000000
0.0000000000
0.0000000000
0.0000000000
0.0000000000
0.0000000000
0.0000000000
0.0000000000
0.0000000000
0.0000000000
0.0000000000
0.0000000000
0.0000000000
0.0000000000
0.0000000000
0.0000000000
0.0000000000
0.0000000000
0.0000000000
0.0000000000
0.0000000000
0.0000000000
0.0000000000
0.0000000000
0.0000000000
0.0000000000
0.0000000000
0.0000000000
0.0000000000
0.0000000000
0.0000000000
0.0000000000
0.0000000000
0.0000000000
0.0000000000
0.0000000000
0.0000000000
0.0000000000
0.0000000000
0.0000000000
0.0000000000
0.0000000000
0.0000000000
0.0000000000
0.0000000000
0.0000000000
0.0000000000
0.0000000000
0.0000000000
0.0000000000
0.0000000000
0.0000000000
0.0000000000
0.0000000000
0.0000000000
0.0000000000
0.0000000000
0.0000000000
0.0000000000
0.0000000000
0.0000000000
0.0000000000
0.0000000000
0.0000000000
0.0000000000
0.0000000000
0.0000000000
0.0000000000
0.0000000000
0.0000000000
0.0000000000
0.0000000000
0.0000000000
0.0000000000
0.0000000000
0.0000000000
0.0000000000
0.0000000000
0.0000000000
0.0000000000
0.0000000000
0.0000000000
0.0000000000
0.0000000000
0.0000000000
0.0000000000
0.0000000000
0.0000000000
0.0000000000
0.0000000000
0.0000000000
0.0000000000
0.0000000000
0.0000000000
0.0000000000
0.0000000000
0.0000000000
0.0000000000
0.0000000000
0.0000000000
0.0000000000
0.0000000000
0.0000000000
0.0000000000
0.0000000000
0.0000000000
0.0000000000
0.0000000000
0.0000000000
0.0000000000
0.0000000000
0.0000000000
0.0000000000
0.0000000000
0.0000000000
0.0000000000
0.0000000000
0.0000000000
0.0000000000
0.0000000000
0.0000000000
0.0000000000
0.0000000000
0.0000000000
0.0000000000
0.0000000000
0.0000000000
0.0000000000
0.0000000000
0.0000000000
0.0000000000
0.0000000000
0.0000000000
0.0000000000
0.0000000000
0.0000000000
0.0000000000
0.0000000000
0.0000000000
0.0000000000
0.0000000000
0.0000000000
0.0000000000
0.0000000000
0.0000000000
0.0000000000
0.0000000000
0.0000000000
0.0000000000
0.0000000000
0.0000000000
0.0000000000
0.0000000000
0.0000000000
0.0000000000
0.0000000000
0.0000000000
0.0000000000
0.0000000000
0.0000000000
0.0000000000
0.0000000000
0.0000000000
0.0000000000
0.0000000000
0.0000000000
0.0000000000
0.0000000000
0.0000000000
0.0000000000
0.0000000000
0.0000000000
0.0000000000
0.0000000000
0.0000000000
0.0000000000
0.0000000000
0.0000000000
0.0000000000
0.0000000000
0.0000000000
0.0000000000
0.0000000000
0.0000000000
0.0000000000
0.0000000000
0.0000000000
0.0000000000
0.0000000000
0.0000000000
0.0000000000
0.0000000000
0.0000000000
0.0000000000
0.0000000000
0.0000000000
0.0000000000
0.0000000000
0.0000000000
0.0000000000
0.0000000000
0.0000000000
0.0000000000
0.0000000000
0.0000000000
0.0000000000
0.0000000000
0.0000000000
0.0000000000
0.0000000000
0.0000000000
0.0000000000
0.0000000000
0.0000000000
0.0000000000
0.0000000000
0.0000000000
0.0000000000
0.0000000000
0.0000000000
0.0000000000
0.0000000000
0.0000000000
0.0000000000
0.0000000000
0.0000000000
0.0000000000
0.0000000000
0.0000000000
0.0000000000
0.0000000000
0.0000000000
0.0000000000
0.0000000000
0.0000000000
0.0000000000
0.0000000000
0.0000000000
0.0000000000
0.0000000000
0.0000000000
0.0000000000
0.0000000000
0.0000000000
0.0000000000
0.0000000000
0.0000000000
0.0000000000
0.0000000000
0.0000000000
0.0000000000
0.0000000000
0.0000000000
0.0000000000
0.0000000000
0.0000000000
0.0000000000
0.0000000000
0.0000000000
0.0000000000
0.0000000000
0.0000000000
0.0000000000
0.0000000000
0.0000000000
0.0000000000
0.0000000000
0.0000000000
0.0000000000
0.0000000000
0.0000000000
0.0000000000
0.0000000000
0.0000000000
0.0000000000
0.0000000000
0.0000000000
0.0000000000
0.0000000000
0.0000000000
0.0000000000
0.0000000000
0.0000000000
0.0000000000
0.0000000000
0.0000000000
0.0000000000
0.0000000000
0.0000000000
0.0000000000
0.0000000000
0.0000000000
0.0000000000
0.0000000000
0.0000000000
0.0000000000
0.0000000000
0.0000000000
0.0000000000
0.0000000000
0.0000000000
0.0000000000
0.0000000000
0.0000000000
0.0000000000
0.0000000000
0.0000000000
0.0000000000
0.0000000000
0.0000000000
0.0000000000
0.0000000000
0.0000000000
0.0000000000
0.0000000000
0.0000000000
0.0000000000
0.0000000000
0.0000000000
0.0000000000
0.0000000000
0.0000000000
0.0000000000
0.0000000000
0.0000000000
0.0000000000
0.0000000000
0.0000000000
0.0000000000
0.0000000000
0.0000000000
0.0000000000
0.0000000000
0.0000000000
0.0000000000
0.0000000000
0.0000000000
0.0000000000
0.0000000000
0.0000000000
0.0000000000
0.0000000000
0.0000000000
0.0000000000
0.0000000000
0.0000000000
0.0000000000
0.0000000000
0.0000000000
0.0000000000
0.0000000000
0.0000000000
0.0000000000
0.0000000000
0.0000000000
0.0000000000
0.0000000000
0.0000000000
0.0000000000
0.0000000000
0.0000000000
0.0000000000
0.0000000000
0.0000000000
0.0000000000
0.0000000000
0.0000000000
0.0000000000
0.0000000000
0.0000000000
0.0000000000
0.0000000000
0.0000000000
0.0000000000
0.0000000000
0.0000000000
0.0000000000
0.0000000000
0.0000000000
0.0000000000
0.0000000000
0.0000000000
0.0000000000
0.0000000000
0.0000000000
0.0000000000
0.0000000000
0.0000000000
0.0000000000
0.0000000000
0.0000000000
0.0000000000
0.0000000000
0.0000000000
0.0000000000
0.0000000000
0.0000000000
0.0000000000
0.0000000000
0.0000000000
0.0000000000
0.0000000000
0.0000000000
0.0000000000
0.0000000000
0.0000000000
0.0000000000
0.0000000000
0.0000000000
0.0000000000
0.0000000000
0.0000000000
0.0000000000
0.0000000000
0.0000000000
0.0000000000
0.0000000000
0.0000000000
0.0000000000
0.0000000000
0.0000000000
0.0000000000
0.0000000000
0.0000000000
0.0000000000
0.0000000000
0.0000000000
0.0000000000
0.0000000000
0.0000000000
0.0000000000
0.0000000000
0.0000000000
0.0000000000
0.0000000000
0.0000000000
0.0000000000
0.0000000000
0.0000000000
0.0000000000
0.0000000000
0.0000000000
0.0000000000
0.0000000000
0.0000000000
0.0000000000
0.0000000000
0.0000000000
0.0000000000
0.0000000000
0.0000000000
0.0000000000
0.0000000000
0.0000000000
0.0000000000
0.0000000000
0.0000000000
0.0000000000
0.0000000000
0.0000000000
0.0000000000
0.0000000000
0.0000000000
0.0000000000
0.0000000000
0.0001700326
0.0002734862
0.0003708604
0.0005563433
0.0007390378
0.0009555942
0.0012130460
0.0014543059
0.0017728644
0.0020751950
0.0023976394
0.0027505091
0.0030757950
0.0034587827
0.0038204424
0.0041792159
0.0045672115
0.0049165269
0.0052960043
0.0056586755
0.0059669202
0.0063345769
0.0066551081
0.0069507162
0.0072686914
0.0075137392
0.0078075524
0.0080664517
0.0082649524
0.0085118175
0.0086861508
0.0088703029
0.0090541222
0.0091675649
0.0093159116
0.0094212043
0.0094979809
0.0096151490
0.0096693246
0.0097169641
0.0097681585
0.0097973924
0.0098204325
0.0098322117
0.0098248482
0.0098274032
0.0098065967
0.0097692571
0.0097385796
0.0097073002
0.0096456174
0.0096013314
0.0095477695
0.0094713255
0.0094108903
0.0093394452
0.0092400112
0.0091777690
0.0090922906
0.0089863294
0.0089112131
0.0088150996
0.0087042070
0.0086193670
0.0085155811
0.0084011384
0.0083092512
0.0082002910
0.0080834318
0.0079867169
0.0078746268
0.0077562363
0.0076564531
0.0075328943
0.0074235272
0.0073220071
0.0071986884
0.0070882580
0.0069860097
0.0068637953
0.0067526455
0.0066504199
0.0065299384
0.0064183428
0.0063167009
0.0061984177
0.0060866553
0.0059860481
0.0058703315
0.0057587085
0.0056594969
0.0055466300
0.0054354801
0.0053379462
0.0052281366
0.0051178188
0.0050221724
0.0049155549
0.0048096453
0.0047128175
0.0046094501
0.0045070917
0.0044103772
0.0043102433
0.0042113814
0.0041151822
0.0040181897
0.0039227073
0.0038274291
0.0037334369
0.0036411650
0.0035472167
0.0034560401
0.0033667741
0.0032759825
0.0031860110
0.0030995201
0.0030120305
0.0029262237
0.0028393712
0.0027549144
0.0026705226
0.0025862935
0.0025045850
0.0024221304
0.0023402458
0.0022609922
0.0021810133
0.0021011899
0.0020240876
0.0019479978
0.0018690758
0.0017938098
0.0017199703
0.0016450379
0.0015700847
0.0014981487
0.0014262814
0.0013528309
0.0012824464
0.0012143523
0.0011419637
0.0010727756
0.0010062380
0.0009373937
0.0008690515
0.0008036957
0.0007390384
0.0006712002
0.0006066553
0.0005455212
0.0004791587
0.0004150605
0.0003546912
0.0002928701
0.0002288677
0.0001688829
0.0001122931
0.0000480445
-0.0000119350
-0.0000676764
-0.0001280887
-0.0001890972
-0.0002454834
-0.0003005063
-0.0003625729
-0.0004196253
-0.0004698040
-0.0005313969
-0.0005894265
-0.0006418824
-0.0006952571
-0.0007546031
-0.0008080439
-0.0008531822
-0.0009147375
-0.0009694987
-0.0010153067
-0.0010694143
-0.0011258517
-0.0011754965
-0.0012183347
-0.0012768218
-0.0013282754
-0.0013693849
-0.0014222120
-0.0014759188
-0.0015220043
-0.0015618887
-0.0016182823
-0.0016668388
-0.0017036970
-0.0017552667
-0.0018067871
-0.0018498824
-0.0018867854
-0.0019417152
-0.0019880169
-0.0020212677
-0.0020714907
-0.0021214982
-0.0021578861
-0.0021959804
-0.0022501296
-0.0022948583
-0.0023251695
-0.0023737167
-0.0024228944
-0.0024570904
-0.0024920811
-0.0025461386
-0.0025899866
-0.0026180394
-0.0026643659
-0.0027134222
-0.0027461326
-0.0027773671
-0.0028320524
-0.0028757484
-0.0029022609
-0.0029456355
-0.0029953129
-0.0030272803
-0.0030534324
-0.0031100013
-0.0031543051
-0.0031800203
-0.0032195312
-0.0032705804
-0.0033025505
-0.0033283843
-0.0033817866
-0.0034274390
-0.0034530833
-0.0034876175
-0.0035407689
-0.0035734734
-0.0035997040
-0.0036487458
-0.0036964766
-0.0037227719
-0.0037510381
-0.0038070115
-0.0038489170
-0.0038685251
-0.0039118579
-0.0039623987
-0.0039900806
-0.0040108080
-0.0040701843
-0.0041148685
-0.0041357528
-0.0041718941
-0.0042259755
-0.0042557905
-0.0042782431
-0.0043309535
-0.0043791667
-0.0044020796
-0.0044294413
-0.0044878060
-0.0045205137
-0.0045454527
-0.0045898686
-0.0046423628
-0.0046680719
-0.0046858886
-0.0047483632
-0.0047945313
-0.0048129170
-0.0048473134
-0.0049048313
-0.0049341131
-0.0049550217
-0.0050079694
-0.0050591587
-0.0050809885
-0.0051035891
-0.0051668950
-0.0052005421
-0.0052253474
-0.0052669683
-0.0053239444
-0.0053500207
-0.0053671044
-0.0054288427
-0.0054790015
-0.0054971505
-0.0055256106
-0.0055891408
-0.0056202820
-0.0056418876
-0.0056909798
-0.0057476892
-0.0057707376
-0.0057841270
-0.0058549986
-0.0058919927
-0.0059189432
-0.0059535220
-0.0060175415
-0.0060463207
-0.0060648293
-0.0061217911
-0.0061784421
-0.0061985580
-0.0062167613
-0.0062888521
-0.0063241696
-0.0063486263
-0.0063898255
-0.0064545300
-0.0064809989
-0.0064964045
-0.0065619074
-0.0066186097
-0.0066357656
-0.0065669026
-0.0065946676
-0.0065870711
-0.0065732838
-0.0065399132
-0.0064877223
-0.0064032192
-0.0063176221
-0.0065087382
-0.0064231372
-0.0063305265
-0.0062188349
-0.0060911441
-0.0059365960
-0.0057899687
-0.0056396698
-0.0054875814
-0.0053193266
-0.0051658024
-0.0050116560
-0.0048491655
-0.0046937187
-0.0045382657
-0.0043833423
-0.0042295720
-0.0040775491
-0.0039277828
-0.0037806808
-0.0036290782
-0.0034882600
-0.0033510393
-0.0032174663
-0.0030875445
-0.0029612281
-0.0028384540
-0.0027191657
-0.0026033192
-0.0024908767
-0.0023817976
-0.0022760309
-0.0021735127
-0.0020741678
-0.0019779150
-0.0018846720
-0.0017943607
-0.0017069104
-0.0016222593
-0.0015403547
-0.0014611519
-0.0013846125
-0.0013107031
-0.0012393935
-0.0011706553
-0.0011044605
-0.0010407806
-0.0009795854
-0.0009208423
-0.0008645150
-0.0008105635
-0.0007589434
-0.0007096054
-0.0006624959
-0.0006175567
-0.0005747259
-0.0005339380
-0.0004951250
-0.0004582171
-0.0004231434
-0.0003898326
-0.0003582139
-0.0003282180
-0.0002997768
-0.0002728250
-0.0002472993
-0.0002231399
-0.0002002904
-0.0001786970
-0.0001583089
-0.0001390784
-0.0001209606
-0.0001039128
-0.0000878948
-0.0000728680
-0.0000587954
-0.0000456414
-0.0000333711
-0.0000219505
-0.0000113461
-0.0000015246
0.0000075502
0.0000159186
0.0000236180
0.0000306842
0.0000371502
0.0000430463
0.0000484005
0.0000532395
0.0000575896
0.0000614771
0.0000649286
0.0000679705
0.0000706287
0.0000729283
0.0000748931
0.0000765456
0.0000779068
0.0000789964
0.0000798330
0.0000804336
0.0000808146
0.0000809910
0.0000809772
0.0000807867
0.0000804320
0.0000799254
0.0000792781
0.0000785010
0.0000776046
0.0000765988
0.0000754933
0.0000742974
0.0000730201
0.0000716701
0.0000702558
0.0000687853
0.0000672664
0.0000657066
0.0000641128
0.0000624919
0.0000608503
0.0000591937
0.0000575278
0.0000558577
0.0000541880
0.0000525231
0.0000508668
0.0000492226
0.0000475935
0.0000459824
0.0000443915
0.0000428232
0.0000412790
0.0000397608
0.0000382697
0.0000368070
0.0000353737
0.0000339707
0.0000325986
0.0000312580
0.0000299496
0.0000286737
0.0000274306
0.0000262208
0.0000250444
0.0000239016
0.0000227924
0.0000217170
0.0000206754
0.0000196674
0.0000186929
0.0000177517
0.0000168436
0.0000159682
0.0000151251
0.0000143140
0.0000135342
0.0000127852
0.0000120664
0.0000113773
0.0000107170
0.0000100849
0.0000094802
0.0000089023
0.0000083503
0.0000078234
0.0000073209
0.0000068419
0.0000063859
0.0000059518
0.0000055391
0.0000051470
0.0000047747
0.0000044216
0.0000040870
0.0000037702
0.0000034705
0.0000031873
0.0000029200
0.0000026679
0.0000024306
0.0000022073
0.0000019975
0.0000018007
0.0000016163
0.0000014437
0.0000012825
0.0000011321
0.0000009920
0.0000008617
0.0000007408
0.0000006288
0.0000005251
0.0000004294
0.0000003413
0.0000002603
0.0000001860
0.0000001181
0.0000000561
-0.0000000002
-0.0000000512
-0.0000000973
-0.0000001387
-0.0000001757
-0.0000002084
-0.0000002373
-0.0000002625
-0.0000002843
-0.0000003029
-0.0000003186
-0.0000003316
-0.0000003420
-0.0000003502
-0.0000003562
-0.0000003602
-0.0000003625
-0.0000003631
-0.0000003622
-0.0000003599
-0.0000003563
-0.0000003517
-0.0000003461
-0.0000003396
-0.0000003323
-0.0000003243
-0.0000003158
-0.0000003067
-0.0000002973
-0.0000002875
-0.0000002774
-0.0000002671
-0.0000002567
-0.0000002461
-0.0000002355
-0.0000002249
-0.0000002143
-0.0000002037
-0.0000001933
-0.0000001829
-0.0000001728
-0.0000001627
-0.0000001529
-0.0000001432
-0.0000001338
-0.0000001246
-0.0000001156
-0.0000001069
-0.0000000985
-0.0000000903
-0.0000000823
-0.0000000747
-0.0000000673
-0.0000000602
-0.0000000534
-0.0000000468
-0.0000000406
-0.0000000346
-0.0000000289
-0.0000000235
-0.0000000183
-0.0000000134
-0.0000000088
-0.0000000044
-0.0000000003
0.0000000036
0.0000000072
0.0000000107
0.0000000139
0.0000000169
0.0000000196
0.0000000222
0.0000000246
0.0000000269
0.0000000289
0.0000000308
0.0000000325
0.0000000340
0.0000000354
0.0000000367
0.0000000378
0.0000000388
0.0000000397
0.0000000404
0.0000000410
0.0000000415
0.0000000420
0.0000000423
0.0000000425
0.0000000427
0.0000000427
0.0000000427
0.0000000426
0.0000000424
0.0000000422
0.0000000419
0.0000000416
0.0000000412
0.0000000408
0.0000000403
0.0000000398
0.0000000392
0.0000000386
0.0000000380
0.0000000374
0.0000000367
0.0000000360
0.0000000353
0.0000000346
0.0000000339
0.0000000332
0.0000000324
0.0000000317
0.0000000309
0.0000000301
0.0000000294
0.0000000286
0.0000000279
0.0000000271
0.0000000263
0.0000000256
0.0000000249
0.0000000241
0.0000000234
0.0000000227
0.0000000220
0.0000000213
0.0000000206
0.0000000199
0.0000000192
0.0000000186
0.0000000180
0.0000000173
0.0000000167
0.0000000161
0.0000000155
0.0000000150
0.0000000144
0.0000000139
0.0000000133
0.0000000128
0.0000000123
0.0000000118
0.0000000114
0.0000000109
0.0000000105
0.0000000100
0.0000000096
0.0000000092
0.0000000088
0.0000000084
0.0000000081
0.0000000077
0.0000000074
0.0000000070
0.0000000067
0.0000000064
0.0000000061
0.0000000058
0.0000000056
0.0000000053
0.0000000051
0.0000000048
0.0000000046
0.0000000044
0.0000000042
0.0000000039
0.0000000038
0.0000000036
0.0000000034
0.0000000032
0.0000000031
0.0000000029
0.0000000027
0.0000000026
0.0000000025
0.0000000023
0.0000000022
0.0000000021
0.0000000020
0.0000000019
0.0000000018
0.0000000017
0.0000000016
0.0000000015
0.0000000014
0.0000000013
0.0000000013
0.0000000012
0.0000000011
0.0000000011
0.0000000010
0.0000000009
0.0000000009
0.0000000008
0.0000000008
0.0000000007
0.0000000007
0.0000000007
0.0000000006
0.0000000006
0.0000000006
0.0000000005
0.0000000005
0.0000000005
0.0000000004
0.0000000004
0.0000000004
0.0000000004
0.0000000004
0.0000000003
0.0000000003
0.0000000003
0.0000000003
0.0000000003
0.0000000003
0.0000000002
0.0000000002
0.0000000002
0.0000000002
0.0000000002
0.0000000002
0.0000000002
0.0000000002
0.0000000002
0.0000000002
0.0000000002
0.0000000001
0.0000000001
0.0000000001
0.0000000001
0.0000000001
0.0000000001
0.0000000001
0.0000000001
0.0000000001
0.0000000001
0.0000000001
0.0000000001
0.0000000001
0.0000000001
0.0000000001
0.0000000001
0.0000000001
0.0000000001
0.0000000001
0.0000000001
0.0000000001
0.0000000001
0.0000000001
0.0000000001
0.0000000001
0.0000000001
0.0000000001
0.0000000001
0.0000000001
0.0000000001
0.0000000001
0.0000000001
0.0000000001
0.0000000001
0.0000000001
0.0000000001
0.0000000001
0.0000000001
0.0000000001
0.0000000001
0.0000000001
0.0000000001
0.0000000001
0.0000000001
0.0000000001
0.0000000001
0.0000000001
0.0000000001
0.0000000001
0.0000000001
0.0000000000
0.0000000000
0.0000000000
0.0000000000
0.0000000000
0.0000000000
0.0000000000
0.0000000000
0.0000000000
0.0000000000
0.0000000000
0.0000000000
0.0000000000
0.0000000000
0.0000000000
0.0000000000
0.0000000000
0.0000000000
0.0000000000
0.0000000000
0.0000000000
0.0000000000
0.0000000000
0.0000000000
0.0000000000
0.0000000000
0.0000000000
0.0000000000
0.0000000000
0.0000000000
0.0000000000
0.0000000000
0.0000000000
0.0000000000
0.0000000000
0.0000000000
0.0000000000
0.0000000000
0.0000000000
0.0000000000
0.0000000000
0.0000000000
0.0000000000
0.0000000000
0.0000000000
0.0000000000
0.0000000000
0.0000000000
0.0000000000
0.0000000000
0.0000000000
0.0000000000
0.0000000000
0.0000000000
0.0000000000
0.0000000000
0.0000000000
0.0000000000
0.0000000000
0.0000000000
0.0000000000
0.0000000000
0.0000000000
0.0000000000
0.0000000000
0.0000000000
0.0000000000
0.0000000000
0.0000000000
0.0000000000
0.0000000000
0.0000000000
0.0000000000
0.0000000000
0.0000000000
0.0000000000
0.0000000000
0.0000000000
0.0000000000
0.0000000000
0.0000000000
0.0000000000
0.0000000000
0.0000000000
0.0000000000
0.0000000000
0.0000000000
0.0000000000
0.0000000000
0.0000000000
0.0000000000
0.0000000000
0.0000000000
0.0000000000
0.0000000000
0.0000000000
0.0000000000
0.0000000000
0.0000000000
0.0000000000
0.0000000000
0.0000000000
0.0000000000
0.0000000000
0.0000000000
0.0000000000
0.0000000000
0.0000000000
0.0000000000
0.0000000000
0.0000000000
0.0000000000
0.0000000000
0.0000000000
0.0000000000
0.0000000000
0.0000000000
0.0000000000
0.0000000000
0.0000000000
0.0000000000
0.0000000000
0.0000000000
0.0000000000
0.0000000000
0.0000000000
0.0000000000
0.0000000000
0.0000000000
0.0000000000
0.0000000000
0.0000000000
0.0000000000
0.0000000000
0.0000000000
0.0000000000
0.0000000000
0.0000000000
0.0000000000
0.0000000000
0.0000000000
0.0000000000
0.0000000000
0.0000000000
0.0000000000
0.0000000000
0.0000000000
0.0000000000
0.0000000000
0.0000000000
0.0000000000
0.0000000000
0.0000000000
0.0000000000
0.0000000000
0.0000000000
0.0000000000
0.0000000000
0.0000000000
0.0000000000
0.0000000000
0.0000000000
0.0000000000
0.0000000000
0.0000000000
0.0000000000
0.0000000000
0.0000000000
0.0000000000
0.0000000000
0.0000000000
0.0000000000
0.0000000000
0.0000000000
0.0000000000
0.0000000000
0.0000000000
0.0000000000
0.0000000000
0.0000000000
0.0000000000
0.0000000000
0.0000000000
0.0000000000
0.0000000000
0.0000000000
0.0000000000
0.0000000000
0.0000000000
0.0000000000
0.0000000000
0.0000000000
0.0000000000
0.0000000000
0.0000000000
0.0000000000
0.0000000000
0.0000000000
0.0000000000
0.0000000000
0.0000000000
0.0000000000
0.0000000000
0.0000000000
0.0000000000
0.0000000000
0.0000000000
0.0000000000
0.0000000000
0.0000000000
0.0000000000
0.0000000000
0.0000000000
0.0000000000
0.0000000000
0.0000000000
0.0000000000
0.0000000000
0.0000000000
0.0000000000
0.0000000000
0.0000000000
0.0000000000
0.0000000000
0.0000000000
0.0000000000
0.0000000000
0.0000000000
0.0000000000
0.0000000000
0.0000000000
0.0000000000
0.0000000000
0.0000000000
0.0000000000
0.0000000000
0.0000000000
0.0000000000
0.0000000000
0.0000000000
0.0000000000
0.0000000000
0.0000000000
0.0000000000
0.0000000000
0.0000000000
0.0000000000
0.0000000000
0.0000000000
0.0000000000
0.0000000000
0.0000000000
0.0000000000
0.0000000000
0.0000000000
0.0000000000
0.0000000000
0.0000000000
0.0000000000
0.0000000000
0.0000000000
0.0000000000
0.0000000000
0.0000000000
0.0000000000
0.0000000000
0.0000000000
0.0000000000
0.0000000000
0.0000000000
0.0000000000
0.0000000000
0.0000000000
0.0000000000
0.0000000000
0.0000000000
0.0000000000
0.0000000000
0.0000000000
0.0000000000
0.0000000000
0.0000000000
0.0000000000
0.0000000000
0.0000000000
0.0000000000
0.0000000000
0.0000000000
0.0000000000
0.0000000000
0.0000000000
0.0000000000
0.0000000000
0.0000000000
0.0000000000
0.0000000000
0.0000000000
0.0000000000
0.0000000000
0.0000000000
0.0000000000
0.0000000000
0.0000000000
0.0000000000
0.0000000000
0.0000000000
0.0000000000
0.0000000000
0.0000000000
0.0000000000
0.0000000000
0.0000000000
0.0000000000
0.0000000000
0.0000000000
0.0000000000
0.0000000000
0.0000000000
0.0000000000
0.0000000000
0.0000000000
0.0000000000
0.0000000000
0.0000000000
0.0000000000
0.0000000000
0.0000000000
0.0000000000
0.0000000000
0.0000000000
0.0000000000
0.0000000000
0.0000000000
0.0000000000
0.0000000000
0.0000000000
0.0000000000
0.0000000000
0.0000000000
0.0000000000
0.0000000000
0.0000000000
0.0000000000
0.0000000000
0.0000000000
0.0000000000
0.0000000000
0.0000000000
0.0000000000
0.0000000000
0.0000000000
0.0000000000
0.0000000000
0.0000000000
0.0000000000
0.0000000000
0.0000000000
0.0000000000
0.0000000000
0.0000000000
0.0000000000
0.0000000000
0.0000000000
0.0000000000
0.0000000000
0.0000000000
0.0000000000
0.0000000000
0.0000000000
0.0000000000
0.0000000000
0.0000000000
0.0000000000
0.0000000000
0.0000000000
0.0000000000
0.0000000000
0.0000000000
0.0000000000
0.0000000000
0.0000000000
0.0000000000
0.0000000000
0.0000000000
0.0000000000
0.0000000000
0.0000000000
0.0000000000
0.0000000000
0.0000000000
0.0000000000
0.0000000000
0.0000000000
0.0000000000
0.0000000000
0.0000000000
0.0000000000
0.0000000000
0.0000000000
0.0000000000
0.0001422522
0.0001832207
0.0002195638
0.0002509542
0.0002774709
0.0002998532
0.0003290243
0.0003882220
0.0004449368
0.0004982639
0.0005472974
0.0005913500
0.0006375302
0.0007130130
0.0007829202
0.0008465481
0.0009034314
0.0009533596
0.0010015096
0.0010797840
0.0011430052
0.0012072938
0.0012639871
0.0013128267
0.0013568390
0.0014319730
0.0014911801
0.0015506045
0.0016016912
0.0016442791
0.0016796164
0.0017472454
0.0017987010
0.0018499592
0.0018926267
0.0019265831
0.0019515365
0.0020098847
0.0020520887
0.0020939262
0.0021271594
0.0021517049
0.0021677919
0.0022147275
0.0022474702
0.0022798678
0.0023038318
0.0023193054
0.0023265370
0.0023635244
0.0023875192
0.0024113099
0.0024269564
0.0024344246
0.0024339727
0.0024626483
0.0024791718
0.0024956940
0.0025044155
0.0025053134
0.0024986462
0.0025209201
0.0025390296
0.0025421250
0.0025453674
0.0025411312
0.0025296718
0.0025474085
0.0025607003
0.0025594209
0.0025584581
0.0025503300
0.0025352904
0.0025501641
0.0025597584
0.0025551851
0.0025510606
0.0025400502
0.0025228820
0.0025358884
0.0025426856
0.0025356819
0.0025292277
0.0025161342
0.0024993010
0.0025100284
0.0025147283
0.0025059578
0.0024978083
0.0024832362
0.0024678678
0.0024768700
0.0024730566
0.0024699291
0.0024605363
0.0024449097
0.0024319678
0.0024396252
0.0024347006
0.0024304660
0.0024201147
0.0024036974
0.0023939986
0.0024005430
0.0023947061
0.0023895452
0.0023783972
0.0023613362
0.0023555933
0.0023611438
0.0023544867
0.0023484805
0.0023366038
0.0023189598
0.0023178111
0.0023224039
0.0023149434
0.0023081002
0.0022954946
0.0022772667
0.0022812956
0.0022849038
0.0022766014
0.0022688856
0.0022555120
0.0022386605
0.0022464122
0.0022489612
0.0022397333
0.0022310648
0.0022168437
0.0022066634
0.0022132719
0.0022146509
0.0022043852
0.0021946587
0.0021794922
0.0021764837
0.0021818267
0.0021819022
0.0021704701
0.0021595690
0.0021433538
0.0021480092
0.0021519349
0.0021446705
0.0021378221
0.0021256152
0.0021136920
0.0021210271
0.0021233643
0.0021145917
0.0021062046
0.0020925734
0.0020896436
0.0020952958
0.0020958706
0.0020854272
0.0020753696
0.0020601995
0.0020667454
0.0020705216
0.0020691566
0.0020568897
0.0020450395
0.0020381034
0.0020447066
0.0020464049
0.0020374205
0.0020286965
0.0020149385
0.0020187648
0.0020231910
0.0020226141
0.0020114332
0.0020005469
0.0019930237
0.0019998409
0.0020018629
0.0019988198
0.0019852976
0.0019721506
0.0019766454
0.0019809601
0.0019803606
0.0019694327
0.0019587086
0.0019538861
0.0019601939
0.0019617551
0.0019583309
0.0019446925
0.0019317697
0.0019397968
0.0019432390
0.0019418131
0.0019303073
0.0019189517
0.0019200045
0.0019250596
0.0019253677
0.0019207458
0.0019061791
0.0019010076
0.0019074171
0.0019092016
0.0019061381
0.0018932323
0.0018829565
0.0018904826
0.0018934921
0.0018917340
0.0018802583
0.0018688174
0.0018744102
0.0018784049
0.0018777054
0.0018721792
0.0018570784
0.0018593176
0.0018640592
0.0018641729
0.0018595109
0.0018453685
0.0018452952
0.0018505591
0.0018512494
0.0018472080
0.0018337867
0.0018324138
0.0018379746
0.0018390038
0.0018353386
0.0018269479
0.0018207067
0.0018263416
0.0018274740
0.0018239416
0.0018157165
0.0018101815
0.0018156704
0.0018166714
0.0018130296
0.0018047271
0.0018008202
0.0018059358
0.0018065643
0.0018025668
0.0017939428
0.0017925615
0.0017970707
0.0017970827
0.0017924826
0.0017832950
0.0017853129
0.0017889752
0.0017881236
0.0017826739
0.0017762166
0.0017789462
0.0017815062
0.0017795351
0.0017729862
0.0017717945
0.0017732744
0.0017744714
0.0017711245
0.0017632327
0.0017681188
0.0017680706
0.0017676366
0.0017626559
0.0017582815
0.0017649227
0.0017630496
0.0017607091
0.0017538401
0.0017573141
0.0017578572
0.0017578646
0.0017533462
0.0017498330
0.0017564107
0.0017545729
0.0017521200
0.0017451647
0.0017511752
0.0017550958
0.0017505508
0.0017453625
0.0017465183
0.0017519353
0.0017489817
0.0017452750
0.0017427434
0.0017493493
0.0017514728
0.0017451949
0.0017400981
0.0017476008
0.0017506545
0.0017453599
0.0017387778
0.0017468857
0.0017505582
0.0017496224
0.0017403810
0.0017473447
0.0017513255
0.0017506926
0.0017417851
0.0017490664
0.0017530411
0.0017523859
0.0017439424
0.0017520761
0.0017557184
0.0017547064
0.0017488066
0.0017563286
0.0017592995
0.0017575880
0.0017551328
0.0017617082
0.0017636560
0.0017608953
0.0017662125
0.0017680190
0.0017685761
0.0017665604
0.0017748293
0.0017749693
0.0017737589
0.0017778578
0.0017807470
0.0017821769
0.0017811980
0.0017897968
0.0017902597
0.0017891528
0.0017959888
0.0018017920
0.0017993611
0.0018031957
0.0018106381
0.0018131209
0.0018118418
0.0018205482
0.0018242794
0.0018222651
0.0018318635
0.0018364508
0.0018378799
0.0018448454
0.0018498813
0.0018525076
0.0018596592
0.0018647250
0.0018694614
0.0018794626
0.0018810306
0.0018887451
0.0018979991
0.0018987355
0.0019102470
0.0019182447
0.0019219217
0.0019337119
0.0019399033
0.0019491500
0.0019587188
0.0019683220
0.0019779673
0.0019860497
0.0020012845
0.0020075902
0.0020234793
0.0020348161
0.0020481346
0.0020610927
0.0020785901
0.0020898365
0.0021094884
0.0021252021
0.0021440164
0.0021638136
0.0021823066
0.0022068374
0.0022308756
0.0022541004
0.0022843313
0.0023133784
0.0023478537
0.0023833576
0.0024262860
0.0024748394
0.0025311056
0.0026080761
0.0026937044
0.0006215918
-0.0002532722
-0.0010752136
-0.0018447912
-0.0025501941
-0.0031847293
-0.0037575863
-0.0042743489
-0.0047577007
-0.0052010611
-0.0056014161
-0.0059630447
-0.0062848312
-0.0065560366
-0.0067750301
-0.0069475789
-0.0070756580
-0.0071596879
-0.0072044082
-0.0072112629
-0.0069835365
-0.0069319556
-0.0068615676
-0.0067844162
-0.0066900205
-0.0065822942
-0.0064620123
-0.0063368731
-0.0061989897
-0.0060545657
-0.0059083063
-0.0057634502
-0.0056190045
-0.0010051564
-0.0009915143
-0.0010035309
-0.0010385434
-0.0010888852
-0.0011477529
-0.0012054649
-0.0069658213
-0.0072014661
-0.0071924805
-0.0069743682
-0.0066137423
-0.0061923980
-0.0057921612
-0.0054528996
-0.0051840014
-0.0049738783
-0.0048071716
-0.0046538506
-0.0044941614
-0.0043194448
-0.0041350751
-0.0039392919
-0.0037363465
-0.0035330036
-0.0033391371
-0.0031523497
-0.0029720563
-0.0027997891
-0.0026403471
-0.0024893494
-0.0023454307
-0.0022104552
-0.0020893218
-0.0019782085
-0.0018755654
-0.0017825719
-0.0017030492
-0.0016321814
-0.0015674146
-0.0015074096
-0.0014604033
-0.0014164651
-0.0013745467
-0.0013331482
-0.0013011911
-0.0012688389
-0.0012354179
-0.0011994944
-0.0011711930
-0.0011408289
-0.0011082357
-0.0010719913
-0.0010436481
-0.0010134620
-0.0009816082
-0.0009467857
-0.0009205610
-0.0008940702
-0.0008670563
-0.0008381659
-0.0008181654
-0.0007994544
-0.0007808796
-0.0007608672
-0.0007491732
-0.0007395994
-0.0007299665
-0.0007184985
-0.0007139055
-0.0007116845
-0.0007086344
-0.0007029028
-0.0007021919
-0.0007040376
-0.0007042437
-0.0007026123
-0.0007010095
-0.0007041401
-0.0007051657
-0.0007039866
-0.0007013635
-0.0007045732
-0.0007056248
-0.0007044870
-0.0007006701
-0.0007041759
-0.0007057045
-0.0007052324
-0.0007011663
-0.0007054480
-0.0007082429
-0.0007091803
-0.0007066112
-0.0007110192
-0.0007154798
-0.0007180763
-0.0007170990
-0.0007214785
-0.0007274039
-0.0007313352
-0.0007315198
-0.0007352621
-0.0007420783
-0.0007467411
-0.0007474777
-0.0007498939
-0.0007570377
-0.0007619248
-0.0007644710
-0.0007634096
-0.0007705968
-0.0007755093
-0.0007780667
-0.0007765570
-0.0007823468
-0.0007873756
-0.0007900875
-0.0007887460
-0.0007928216
-0.0007981827
-0.0008012720
-0.0008003170
-0.0008027926
-0.0008086586
-0.0008122743
-0.0008118258
-0.0008127039
-0.0008191225
-0.0008232851
-0.0008233384
-0.0008228173
-0.0008294319
-0.0008340784
-0.0008363493
-0.0008344383
-0.0008392345
-0.0008442964
-0.0008469616
-0.0008453919
-0.0008482645
-0.0008537250
-0.0008567893
-0.0008555854
-0.0008564963
-0.0008623985
-0.0008659211
-0.0008651550
-0.0008641120
-0.0008705328
-0.0008745940
-0.0008762024
-0.0008734955
-0.0008783759
-0.0008830396
-0.0008852484
-0.0008830964
-0.0008860947
-0.0008913958
-0.0008942377
-0.0008926716
-0.0008937452
-0.0008996919
-0.0009031771
-0.0009022093
-0.0009013096
-0.0009079058
-0.0009120413
-0.0009116831
-0.0009106902
-0.0009160302
-0.0009208297
-0.0009230557
-0.0009207213
-0.0009240944
-0.0009295768
-0.0009324804
-0.0009307733
-0.0009321632
-0.0009383544
-0.0009419670
-0.0009409216
-0.0009403154
-0.0009472386
-0.0009515839
-0.0009512256
-0.0009502041
-0.0009562828
-0.0009613761
-0.0009637690
-0.0009613829
-0.0009655178
-0.0009713667
-0.0009744997
-0.0009727887
-0.0009749587
-0.0009815670
-0.0009854490
-0.0009844266
-0.0009846173
-0.0009919901
-0.0009966296
-0.0009963074
-0.0009952730
-0.0010026577
-0.0010080629
-0.0010106038
-0.0010081027
-0.0010136003
-0.0010197778
-0.0010230680
-0.0010212408
-0.0010248506
-0.0010318046
-0.0010358523
-0.0010347109
-0.0010364387
-0.0010441713
-0.0010489816
-0.0010485329
-0.0010483913
-0.0010569052
-0.0010624810
-0.0010649984
-0.0010621754
-0.0010700312
-0.0010763716
-0.0010796177
-0.0010774324
-0.0010835736
-0.0010906761
-0.0010946512
-0.0010931075
-0.0010975609
-0.0011054218
-0.0011101247
-0.0011092232
-0.0011120248
-0.0011206392
-0.0011260669
-0.0011258049
-0.0011270002
-0.0011363642
-0.0011425129
-0.0011453240
-0.0011423529
-0.0011526335
-0.0011594953
-0.0011629694
-0.0011605546
-0.0011694848
-0.0011770510
-0.0011811792
-0.0011793125
-0.0011869570
-0.0011952139
-0.0011999827
-0.0011986513
-0.0012050900
-0.0012140263
-0.0012194238
-0.0012186132
-0.0012239331
-0.0012335305
-0.0012395376
-0.0012418621
-0.0012435269
-0.0012537686
-0.0012603670
-0.0012632128
-0.0012639256
-0.0012747930
-0.0012819609
-0.0012853034
-0.0012851826
-0.0012966529
-0.0013043635
-0.0013081737
-0.0013073498
-0.0013193997
-0.0013276249
-0.0013318711
-0.0013304874
-0.0013430891
-0.0013517952
-0.0013564404
-0.0013546527
-0.0013677748
-0.0013769241
-0.0013819267
-0.0013798414
-0.0013935167
-0.0014030703
-0.0014083864
-0.0014064683
-0.0014203804
-0.0014302905
-0.0014358675
-0.0014340591
-0.0014484227
-0.0014586366
-0.0014644168
-0.0014626557
-0.0014777066
-0.0014881674
-0.0014940881
-0.0014931856
-0.0015082999
-0.0015189438
-0.0015249347
-0.0015281130
-0.0015402694
-0.0015510245
-0.0015570077
-0.0015614226
-0.0015736804
-0.0015844648
-0.0015903526
-0.0015963172
-0.0016085940
-0.0016193186
-0.0016250162
-0.0016328725
-0.0016450764
-0.0016556418
-0.0016610441
-0.0016677115
-0.0016831891
-0.0016934847
-0.0016984760
-0.0017077367
-0.0017229900
-0.0017328930
-0.0017373469
-0.0017496327
-0.0017645304
-0.0017739030
-0.0017776794
-0.0017934547
-0.0018078529
-0.0018165478
-0.0018235189
-0.0018392639
-0.0018530003
-0.0018608510
-0.0018720536
-0.0018870963
-0.0018999925
-0.0019068195
-0.0019228368
-0.0019369838
-0.0019488460
-0.0019544554
-0.0019759144
-0.0019889457
-0.0019995605
-0.0020090343
-0.0020313090
-0.0020429842
-0.0020521215
-0.0020679890
-0.0020848452
-0.0020990867
-0.0021064914
-0.0020948819
-0.0020980328
-0.0020996314
-0.0020955807
-0.0020860240
-0.0020668100
-0.0020470768
-0.0020229064
-0.0025191544
-0.0025410695
-0.0025483520
-0.0025384120
-0.0025104771
-0.0024786145
-0.0024423596
-0.0024041384
-0.0023600627
-0.0023193119
-0.0022764376
-0.0022306588
-0.0022269635
-0.0022344202
-0.0022362589
-0.0022315207
-0.0022198158
-0.0022013606
-0.0021768749
-0.0021473488
-0.0020999846
-0.0020637585
-0.0020254160
-0.0019853016
-0.0019826951
-0.0019976295
-0.0020087101
-0.0020145504
-0.0020142892
-0.0020077135
-0.0019952063
-0.0019775204
-0.0019443092
-0.0019190779
-0.0018911669
-0.0018608556
-0.0018593206
-0.0018813196
-0.0018990131
-0.0019109770
-0.0019163080
-0.0019147460
-0.0019066505
-0.0018927925
-0.0018631268
-0.0018407178
-0.0018153112
-0.0017872988
-0.0017803248
-0.0018032299
-0.0018221549
-0.0018357121
-0.0018429964
-0.0018437013
-0.0018381223
-0.0018269718
-0.0018004013
-0.0017809130
-0.0017585216
-0.0017335951
-0.0017224678
-0.0017472606
-0.0017683099
-0.0017841752
-0.0017938818
-0.0017970286
-0.0017938174
-0.0017848911
-0.0017606029
-0.0017429247
-0.0017221699
-0.0016987325
-0.0016820243
-0.0017068512
-0.0017281071
-0.0017443626
-0.0017546318
-0.0017584703
-0.0017560270
-0.0017479048
-0.0017246782
-0.0017077993
-0.0016878740
-0.0016653176
-0.0016429191
-0.0016675078
-0.0016888267
-0.0017054433
-0.0017163375
-0.0017209987
-0.0017194977
-0.0017123712
-0.0016903915
-0.0016744748
-0.0016554939
-0.0016338792
-0.0016098769
-0.0016303796
-0.0016516107
-0.0016683793
-0.0016796412
-0.0016848338
-0.0016839615
-0.0016775051
-0.0016564433
-0.0016411709
-0.0016228238
-0.0016018609
-0.0015785467
-0.0015924783
-0.0016133973
-0.0016301311
-0.0016416154
-0.0016472392
-0.0016469406
-0.0016411400
-0.0016305414
-0.0016064367
-0.0015887826
-0.0015685444
-0.0015459981
-0.0015537430
-0.0015744008
-0.0015911434
-0.0016028851
-0.0016089690
-0.0016092678
-0.0016041401
-0.0015942477
-0.0015710854
-0.0015541186
-0.0015345886
-0.0015127829
-0.0015146108
-0.0015349375
-0.0015516148
-0.0015635401
-0.0015700185
-0.0015708620
-0.0015663685
-0.0015571565
-0.0015349265
-0.0015186411
-0.0014998202
-0.0014787611
-0.0014749894
-0.0014949727
-0.0015115723
-0.0015236708
-0.0015305394
-0.0015319317
-0.0015280845
-0.0015195696
-0.0014982944
-0.0014827094
-0.0014646127
-0.0014443109
-0.0014352545
-0.0014548747
-0.0014713679
-0.0014836057
-0.0014908315
-0.0014927443
-0.0014895210
-0.0014816862
-0.0014613552
-0.0014464611
-0.0014290784
-0.0014095232
-0.0013954797
-0.0014147066
-0.0014310551
-0.0014433933
-0.0014509411
-0.0014533473
-0.0014507296
-0.0014435639
-0.0014241728
-0.0014099694
-0.0013932985
-0.0013744869
-0.0013557604
-0.0013745746
-0.0013907462
-0.0014031492
-0.0014109843
-0.0014138543
-0.0014118192
-0.0014053055
-0.0013868418
-0.0013733222
-0.0013573528
-0.0013392737
-0.0013161594
-0.0013345378
-0.0013504933
-0.0013629191
-0.0013710003
-0.0013742980
-0.0013728169
-0.0013669333
-0.0013493804
-0.0013365324
-0.0013212481
-0.0013038863
-0.0012846539
-0.0012945996
-0.0013103012
-0.0013227102
-0.0013309982
-0.0013346892
-0.0013337343
-0.0013284595
-0.0013118004
-0.0012996194
-0.0012850125
-0.0012683597
-0.0012498768
-0.0012548020
-0.0012702115
-0.0012825616
-0.0012910135
-0.0012950590
-0.0012945985
-0.0012899077
-0.0012814976
-0.0012625983
-0.0012486553
-0.0012326984
-0.0012149513
-0.0012151472
-0.0012302260
-0.0012424755
-0.0012510483
-0.0012554090
-0.0012554103
-0.0012512781
-0.0012434853
-0.0012254671
-0.0012121743
-0.0011969001
-0.0011798747
-0.0011756346
-0.0011903477
-0.0012024570
-0.0012111087
-0.0012157452
-0.0012161749
-0.0012125745
-0.0012053779
-0.0011882270
-0.0011755707
-0.0011609660
-0.0011446485
-0.0011362665
-0.0011505814
-0.0011625112
-0.0011712000
-0.0011760724
-0.0011768961
-0.0011738000
-0.0011671779
-0.0011508787
-0.0011388415
-0.0011248893
-0.0011092634
-0.0010970326
-0.0011109200
-0.0011226329
-0.0011313186
-0.0011363880
-0.0011375715
-0.0011349516
-0.0011288815
-0.0011134177
-0.0011019915
-0.0010886817
-0.0010737360
-0.0010579520
-0.0010713871
-0.0010828454
-0.0010914865
-0.0010967117
-0.0010982186
-0.0010960451
-0.0010905035
-0.0010758569
-0.0010650293
-0.0010523480
-0.0010380689
-0.0010190257
-0.0010319869
-0.0010431544
-0.0010517110
-0.0010570516
-0.0010588451
-0.0010570870
-0.0010520489
-0.0010381990
-0.0010279544
-0.0010158834
-0.0010022539
-0.0009872213
-0.0009927105
-0.0010035502
-0.0010119828
-0.0010173984
-0.0010194418
-0.0010180682
-0.0010135088
-0.0010004353
-0.0009907641
-0.0009792923
-0.0009663012
-0.0009519515
-0.0009535769
-0.0009640551
-0.0009723251
-0.0009777752
-0.0009800303
-0.0009790085
-0.0009749011
-0.0009680732
-0.0009534704
-0.0009425829
-0.0009302162
-0.0009165352
-0.0009145908
-0.0009246752
-0.0009327455
-0.0009381902
-0.0009406186
-0.0009399149
-0.0009362316
-0.0009299015
-0.0009160751
-0.0009057529
-0.0008939933
-0.0008809644
-0.0008757441
-0.0008854022
-0.0008932356
-0.0008986349
-0.0009011983
-0.0009007790
-0.0008974919
-0.0008916372
-0.0008785720
-0.0008688036
-0.0008576394
-0.0008452497
-0.0008370503
-0.0008462553
-0.0008538166
-0.0008591312
-0.0008617904
-0.0008616203
-0.0008586998
-0.0008532962
-0.0008409739
-0.0008317442
-0.0008211608
-0.0008093959
-0.0007985131
-0.0008072399
-0.0008144942
-0.0008196853
-0.0008224010
-0.0008224442
-0.0008198597
-0.0008148820
-0.0008032824
-0.0007945734
-0.0007845530
-0.0007733960
-0.0007601239
-0.0007683499
-0.0007752633
-0.0007802931
-0.0007830266
-0.0007832473
-0.0007809678
-0.0007763904
-0.0007654928
-0.0007572924
-0.0007478220
-0.0007372600
-0.0007257110
-0.0007296018
-0.0007361421
-0.0007409733
-0.0007436854
-0.0007440465
-0.0007420398
-0.0007378358
-0.0007276176
-0.0007199086
-0.0007109703
-0.0007009865
-0.0006900652
-0.0006909932
-0.0006971290
-0.0007017259
-0.0007043784
-0.0007048431
-0.0007030763
-0.0006992179
-0.0006935209
-0.0006824236
-0.0006740031
-0.0006645840
-0.0006542760
-0.0006525366
-0.0006582379
-0.0006625648
-0.0006651189
-0.0006656491
-0.0006640882
-0.0006605465
-0.0006552506
-0.0006448436
-0.0006369243
-0.0006280547
-0.0006183449
-0.0006142338
-0.0006194711
-0.0006234931
-0.0006259101
-0.0006264675
-0.0006250780
-0.0006218235
-0.0006169042
-0.0006071681
-0.0005997311
-0.0005913936
-0.0005822653
-0.0005760784
-0.0005808271
-0.0005845125
-0.0005867563
-0.0005873039
-0.0005860509
-0.0005830531
-0.0005784844
-0.0005693997
-0.0005624299
-0.0005546102
-0.0005460493
-0.0005380832
-0.0005423191
-0.0005456347
-0.0005476676
-0.0005481667
-0.0005470143
-0.0005442421
-0.0005399980
-0.0005315435
-0.0005250223
-0.0005177031
-0.0005096929
-0.0005002423
-0.0005039459
-0.0005068624
-0.0005086497
-0.0005090634
-0.0005079758
-0.0005053968
-0.0005014496
-0.0004936023
-0.0004875138
-0.0004806798
-0.0004732057
-0.0004625657
-0.0004657184
-0.0004682048
-0.0004697104
-0.0004700002
-0.0004689405
-0.0004665220
-0.0004628437
-0.0004555802
-0.0004499058
-0.0004435390
-0.0004365842
-0.0004291039
-0.0004276347
-0.0004296640
-0.0004308553
-0.0004309850
-0.0004299169
-0.0004276252
-0.0004241864
-0.0004174814
-0.0004122035
-0.0004062876
-0.0003998370
-0.0003929132
-0.0003897046
-0.0003912486
-0.0003920915
-0.0003920235
-0.0003909095
-0.0003887104
-0.0003854816
-0.0003813417
-0.0003744085
-0.0003689249
-0.0003629614
-0.0003565779
-0.0003519252
-0.0003529599
-0.0003534242
-0.0003531234
-0.0003519271
-0.0003497859
-0.0003467360
-0.0003428749
-0.0003365258
-0.0003314574
-0.0003259653
-0.0003201067
-0.0003143047
-0.0003148060
-0.0003148602
-0.0003142904
-0.0003129742
-0.0003108555
-0.0003079533
-0.0003043443
-0.0002985574
-0.0002938851
-0.0002888471
-0.0002834969
-0.0002768397
-0.0002767880
-0.0002764042
-0.0002755319
-0.0002740597
-0.0002719281
-0.0002691412
-0.0002657561
-0.0002605081
-0.0002562139
-0.0002516137
-0.0002467562
-0.0002395369
-0.0002389130
-0.0002380623
-0.0002368530
-0.0002351878
-0.0002330072
-0.0002303029
-0.0002271134
-0.0002223805
-0.0002184449
-0.0002142645
-0.0002098831
-0.0002023930
-0.0002011814
-0.0001998379
-0.0001982598
-0.0001963659
-0.0001941002
-0.0001914451
-0.0001884216
-0.0001841784
-0.0001805822
-0.0001768045
-0.0001728833
-0.0001654127
-0.0001635997
-0.0001617380
-0.0001597594
-0.0001576012
-0.0001552142
-0.0001525741
-0.0001496866
-0.0001459071
-0.0001426297
-0.0001392362
-0.0001357582
-0.0001322162
-0.0001261692
-0.0001237665
-0.0001213580
-0.0001189012
-0.0001163569
-0.0001136973
-0.0001109147
-0.0001075716
-0.0001045917
-0.0001015639
-0.0000985123
-0.0000954531
-0.0000888934
-0.0000859274
-0.0000830597
-0.0000802699
-0.0000775321
-0.0000748182
-0.0000721090
-0.0000693989
-0.0000664704
-0.0000637900
-0.0000611479
-0.0000585554
-0.0000517744
-0.0000482258
-0.0000448719
-0.0000417165
-0.0000387495
-0.0000359459
-0.0000332779
-0.0000307235
-0.0000282713
-0.0000259188
-0.0000236689
-0.0000215267
-0.0000148136
-0.0000106642
-0.0000067977
-0.0000032441
-0.0000000123
0.0000029165
0.0000055784
0.0000080116
0.0000100231
0.0000120844
0.0000139822
0.0000157178
0.0000221142
0.0000269227
0.0000313774
0.0000354189
0.0000390166
0.0000421785
0.0000449408
0.0000473515
0.0000490072
0.0000508457
0.0000524457
0.0000538164
0.0000596332
0.0000651288
0.0000701979
0.0000747488
0.0000787273
0.0000821285
0.0000849893
0.0000873683
0.0000886539
0.0000902517
0.0000915350
0.0000925219
0.0000974373
0.0001036050
0.0001092830
0.0001143428
0.0001187049
0.0001223488
0.0001253090
0.0001276538
0.0001285631
0.0001299101
0.0001308653
0.0001314573
0.0001317008
0.0001419909
0.0001482829
0.0001538656
0.0001586324
0.0001625432
0.0001656273
0.0001679603
0.0001685116
0.0001696229
0.0001702617
0.0001704693
0.0001702672
0.0001801698
0.0001870968
0.0001932304
0.0001984344
0.0002026467
0.0002058875
0.0002082375
0.0002098042
0.0002093486
0.0002096846
0.0002095196
0.0002088829
0.0002181036
0.0002256839
0.0002323951
0.0002380693
0.0002426192
0.0002460528
0.0002484527
0.0002499396
0.0002490649
0.0002491176
0.0002485971
0.0002475414
0.0002557900
0.0002640460
0.0002713653
0.0002775463
0.0002824735
0.0002861389
0.0002886247
0.0002900630
0.0002887949
0.0002885835
0.0002877245
0.0002862656
0.0002932512
0.0003022007
0.0003101561
0.0003168781
0.0003222211
0.0003261575
0.0003287656
0.0003301873
0.0003285527
0.0003280989
0.0003269198
0.0003250737
0.0003305053
0.0003401661
0.0003487848
0.0003560820
0.0003618790
0.0003661254
0.0003688924
0.0003703296
0.0003683557
0.0003676793
0.0003661968
0.0003639787
0.0003675644
0.0003779502
0.0003872568
0.0003951608
0.0004014489
0.0004060444
0.0004090077
0.0004104936
0.0004082084
0.0004073326
0.0004055655
0.0004029913
0.0004044390
0.0004155637
0.0004255818
0.0004341235
0.0004409389
0.0004459219
0.0004491185
0.0004506862
0.0004481176
0.0004470638
0.0004450283
0.0004421123
0.0004383724
0.0004530038
0.0004637536
0.0004729616
0.0004803396
0.0004857485
0.0004892165
0.0004909003
0.0004880773
0.0004868709
0.0004845863
0.0004813450
0.0004772144
0.0004902753
0.0005017764
0.0005116787
0.0005196534
0.0005255262
0.0005293032
0.0005311377
0.0005312611
0.0005267545
0.0005242373
0.0005206850
0.0005161767
0.0005273713
0.0005396393
0.0005502616
0.0005588664
0.0005652409
0.0005693656
0.0005713867
0.0005715451
0.0005667078
0.0005639785
0.0005601324
0.0005552613
0.0005642951
0.0005773453
0.0005887126
0.0005979797
0.0006048931
0.0006094038
0.0006116475
0.0006118724
0.0006067307
0.0006038067
0.0005996816
0.0005944607
0.0006010389
0.0006148826
0.0006270177
0.0006369781
0.0006444674
0.0006494034
0.0006519071
0.0006522315
0.0006468141
0.0006437180
0.0006393323
0.0006337771
0.0006376065
0.0006522540
0.0006651783
0.0006758613
0.0006839622
0.0006893621
0.0006921635
0.0006926210
0.0006869565
0.0006837081
0.0006790772
0.0006732011
0.0006739878
0.0006894491
0.0007031838
0.0007146193
0.0007233682
0.0007292714
0.0007324089
0.0007330339
0.0007271517
0.0007237763
0.0007189196
0.0007127387
0.0007101903
0.0007264733
0.0007410350
0.0007532485
0.0007626787
0.0007691235
0.0007726359
0.0007734642
0.0007673949
0.0007639158
0.0007588495
0.0007523773
0.0007446019
0.0007633141
0.0007787210
0.0007917402
0.0008018871
0.0008089127
0.0008128394
0.0008139070
0.0008076808
0.0008041263
0.0007988707
0.0007921246
0.0007840054
0.0007999811
0.0008162456
0.0008300934
0.0008409881
0.0008486321
0.0008530125
0.0008543568
0.0008530263
0.0008444043
0.0008389789
0.0008319750
0.0008235258
0.0008364692
0.0008536031
0.0008683023
0.0008799762
0.0008882761
0.0008931499
0.0008948084
0.0008936187
0.0008847443
0.0008791656
0.0008719179
0.0008631510
0.0008727667
0.0008907797
0.0009063525
0.0009188370
0.0009278308
0.0009332385
0.0009352499
0.0009342352
0.0009251394
0.0009194310
0.0009119588
0.0009028900
0.0009088851
0.0009277840
0.0009442492
0.0009575721
0.0009672953
0.0009732765
0.0009756801
0.0009748757
0.0009655893
0.0009597736
0.0009520945
0.0009427385
0.0009448205
0.0009646114
0.0009819870
0.0009961758
0.0010066638
0.0010132583
0.0010160936
0.0010155350
0.0010060888
0.0010001858
0.0009923146
0.0009826837
0.0009805592
0.0010012474
0.0010195506
0.0010346325
0.0010459210
0.0010531691
0.0010564767
0.0010562009
0.0010466267
0.0010406653
0.0010326230
0.0010227345
0.0010161130
0.0010377037
0.0010569478
0.0010729462
0.0010850677
0.0010930082
0.0010968285
0.0010968735
0.0010872039
0.0010812117
0.0010730176
0.0010628871
0.0010509709
0.0010739762
0.0010941725
0.0011111097
0.0011240960
0.0011327676
0.0011371414
0.0011375454
0.0011278134
0.0011218170
0.0011134864
0.0011031267
0.0010909081
0.0011100495
0.0011312085
0.0011491076
0.0011629914
0.0011724335
0.0011774024
0.0011782049
0.0011753412
0.0011624766
0.0011540328
0.0011434632
0.0011309577
0.0011459397
0.0011680685
0.0011869486
0.0012017589
0.0012120086
0.0012176135
0.0012188544
0.0012162336
0.0012031932
0.0011946571
0.0011838946
0.0011711162
0.0011816439
0.0012047465
0.0012246250
0.0012403896
0.0012514834
0.0012577652
0.0012594849
0.0012571430
0.0012439590
0.0012353521
0.0012244139
0.0012113766
0.0012171563
0.0012412347
0.0012621274
0.0012788728
0.0012908462
0.0012978460
0.0013000857
0.0012980602
0.0012847653
0.0012761065
0.0012650070
0.0012517226
0.0012524607
0.0012775168
0.0012994396
0.0013171926
0.0013300823
0.0013378419
0.0013406439
0.0013389732
0.0013256018
0.0013169212
0.0013056825
0.0012921687
0.0012875744
0.0013136103
0.0013365758
0.0013553596
0.0013691986
0.0013777581
0.0013811643
0.0013798875
0.0013664737
0.0013577988
0.0013464403
0.0013327124
0.0013224935
0.0013495114
0.0013735301
0.0013933669
0.0014081878
0.0014175872
0.0014216397
0.0014207963
0.0014073742
0.0013987342
0.0013872748
0.0013733483
0.0013571549
0.0013852141
0.0014102929
0.0014312022
0.0014470357
0.0014573141
0.0014620556
0.0014616866
0.0014482916
0.0014397183
0.0014281783
0.0014140695
0.0013976153
0.0014207145
0.0014468593
0.0014688603
0.0014857367
0.0014969333
0.0015024067
0.0015025537
0.0014980233
0.0014807484
0.0014691483
0.0014548740
0.0014381729
0.0014560119
0.0014832252
0.0015063345
0.0015242821
0.0015364349
0.0015426833
0.0015433887
0.0015391989
0.0015218167
0.0015101727
0.0014957461
0.0014788092
0.0014910882
0.0015193708
0.0015436055
0.0015626534
0.0015758012
0.0015828686
0.0015841761
0.0015803661
0.0015629143
0.0015512547
0.0015366982
0.0015195428
0.0015259652
0.0015553156
0.0015806883
0.0016008606
0.0016150388
0.0016229677
0.0016249210
0.0016215308
0.0016040459
0.0015923962
0.0015777289
0.0015603701
0.0015606383
0.0015910546
0.0016175776
0.0016388985
0.0016541423
0.0016629749
0.0016656177
0.0016626877
0.0016452057
0.0016335923
0.0016188333
0.0016012858
0.0015951014
0.0016265801
0.0016542621
0.0016767532
0.0016930961
0.0017028744
0.0017062516
0.0017038238
0.0016863816
0.0016748344
0.0016600036
0.0016422833
0.0016293473
0.0016618869
0.0016907354
0.0017144171
0.0017318919
0.0017426579
0.0017468147
0.0017449321
0.0017275672
0.0017161184
0.0017012364
0.0016833596
0.0016627371
0.0016969725
0.0017269923
0.0017518834
0.0017705214
0.0017823163
0.0017872982
0.0017860047
0.0017687553
0.0017574394
0.0017425276
0.0017245114
0.0017036673