5.0000000000
4.9295276465
4.8981368758
4.9038779491
4.9211699963
4.9350139656
4.9433745306
4.9475417844
4.9487540235
4.9477072138
4.9451934880
4.9420945294
4.9392391584
4.9372907329
4.9366895017
4.9376479640
4.9401504480
4.9439881389
4.9488060517
4.9541676621
4.9596187511
4.9647461568
4.9692226191
4.9728349921
4.9754943095
4.9772291113
4.9781652961
4.9784969041
4.9784528486
4.9782642842
4.9781365881
4.9782286978
4.9786412373
4.9794135354
4.9805285344
4.9819237766
4.9835061973
4.9851683424
4.9868038182
4.9883202095
4.9896482734
4.9907468545
4.9916035779
4.9922318949
4.9926654226
4.9929507196
4.9931396557
4.9932824036
4.9934218346
4.9935897932
4.9938054032
4.9940752753
4.9943952570
4.9947532330
4.9951324263
4.9955146823
4.9958833050
4.9962251493
4.9965318192
4.9967999690
4.9970308251
4.9972291340
4.9974017856
4.9975563675
4.9976998734
4.9978377303
4.9979732390
4.9981074467
4.9982394069
4.9983667287
4.9984862916
4.9985949941
4.9986904153
4.9987712983
4.9988378011
4.9988914995
4.9989351655
4.9989723748
4.9990070136
4.9990427646
4.9990826464
4.9991286662
4.9991816240
4.9992410847
4.9993055085
4.9993725115
4.9994392124
4.9995026172
4.9995599893
4.9996091617
4.9996487593
4.9996783104
4.9996982465
4.9997097977
4.9997148073
4.9997154934
4.9997141901
4.9997130988
4.9997140781
4.9997184895
4.9997271120
4.9997401273
4.9997571685
4.9997774218
4.9997997624
4.9998229084
4.9998455713
4.9998665907
4.9998850382
4.9999002859
4.9999120346
4.9999203057
4.9999254017
4.9999278440
4.9999282965
4.9999274860
4.9999261274
4.9999248600
4.9999242006
4.9999245144
4.9999260053
4.9999287220
4.9999325778
4.9999373799
4.9999428635
4.9999487268
4.9999546640
4.9999603927
4.9999656747
4.9999703298
4.9999742421
4.9999773599
4.9999796905
4.9999812909
4.9999822570
4.9999827107
4.9999827879
4.9999826276
4.9999823620
4.9999821090
4.9999819665
4.9999820088
4.9999822849
4.9999828183
4.9999836085
4.9999846335
4.9999858536
4.9999872154
4.9999886569
4.9999901125
4.9999915176
4.9999928137
4.9999939519
4.9999948960
4.9999956248
4.9999961326
4.9999964290
4.9999965372
4.9999964915
4.9999963343
4.9999961118
4.9999958707
4.9999956541
4.9999954985
4.9999954314
4.9999954696
4.9999956188
4.9999958737
4.9999962199
4.9999966354
4.9999970933
4.9999975646
4.9999980207
4.9999984361
4.9999987901
4.9999990684
4.9999992637
4.9999993760
4.9999994114
4.9999993817
4.9999993026
4.9999991920
4.9999990683
4.9999989489
4.9999988488
4.9999987796
4.9999987487
4.9999987593
4.9999988106
4.9999988982
4.9999990148
4.9999991511
4.9999992971
4.9999994426
4.9999995785
4.9999996972
4.9999997929
4.9999998626
4.9999999051
4.9999999219
4.9999999161
4.9999998920
4.9999998553
4.9999998117
4.9999997668
4.9999997257
4.9999996926
4.9999996706
4.9999996613
4.9999996652
4.9999996816
4.9999997089
4.9999997445
4.9999997855
4.9999998289
4.9999998716
4.9999999109
4.9999999446
4.9999999711
4.9999999895
4.9999999997
5.0000000021
4.9999999977
4.9999999879
4.9999999744
4.9999999590
4.9999999434
4.9999999292
4.9999999178
4.9999999100
4.9999999063
4.9999999070
4.9999999117
4.9999999199
4.9999999309
4.9999999436
4.9999999570
4.9999999703
4.9999999824
4.9999999926
5.0000000005
5.0000000057
5.0000000082
5.0000000081
5.0000000059
5.0000000020
4.9999999969
4.9999999913
4.9999999857
4.9999999808
4.9999999768
4.9999999741
4.9999999728
4.9999999730
4.9999999746
4.9999999774
4.9999999810
4.9999999851
4.9999999894
4.9999999936
4.9999999974
5.0000000005
5.0000000028
5.0000000042
5.0000000047
5.0000000044
5.0000000034
5.0000000018
5.0000000000
4.9999999980
4.9999999961
4.9999999944
4.9999999931
4.9999999923
4.9999999919
4.9999999921
4.9999999926
4.9999999936
4.9999999948
4.9999999961
4.9999999975
4.9999999988
5.0000000000
5.0000000009
5.0000000015
5.0000000019
5.0000000020
5.0000000018
5.0000000014
5.0000000008
5.0000000002
4.9999999995
4.9999999989
4.9999999983
4.9999999979
4.9999999977
4.9999999976
4.9999999976
4.9999999978
4.9999999981
4.9999999985
4.9999999990
4.9999999994
4.9999999998
5.0000000002
5.0000000005
5.0000000007
5.0000000007
5.0000000007
5.0000000007
5.0000000005
5.0000000003
5.0000000001
4.9999999999
4.9999999997
4.9999999995
4.9999999994
4.9999999993
4.9999999993
4.9999999993
4.9999999993
4.9999999995
4.9999999996
4.9999999997
4.9999999999
5.0000000000
5.0000000001
5.0000000002
5.0000000003
5.0000000003
5.0000000003
5.0000000002
5.0000000002
5.0000000001
5.0000000000
5.0000000000
4.9999999999
4.9999999998
4.9999999998
4.9999999998
4.9999999998
4.9999999998
4.9999999998
4.9999999998
4.9999999999
4.9999999999
5.0000000000
5.0000000000
5.0000000001
5.0000000001
5.0000000001
5.0000000001
5.0000000001
5.0000000001
5.0000000001
5.0000000000
5.0000000000
5.0000000000
5.0000000000
4.9999999999
4.9999999999
4.9999999999
4.9999999999
4.9999999999
4.9999999999
5.0000000000
5.0000000000
5.0000000000
5.0000000000
5.0000000000
5.0000000000
5.0000000000
5.0000000000
5.0000000000
5.0000000000
5.0000000000
5.0000000000
5.0000000000
5.0000000000
5.0000000000
5.0000000000
5.0000000000
5.0000000000
5.0000000000
5.0000000000
5.0000000000
5.0000000000
5.0000000000
5.0000000000
5.0000000000
5.0000000000
5.0000000000
5.0000000000
5.0000000000
5.0000000000
5.0000000000
5.0000000000
5.0000000000
5.0000000000
5.0000000000
5.0000000000
5.0000000000
5.0000000000
5.0000000000
5.0000000000
5.0000000000
5.0000000000
5.0000000000
5.0000000000
5.0000000000
5.0000000000
5.0000000000
5.0000000000
5.0000000000
5.0000000000
5.0000000000
5.0000000000
5.0000000000
5.0000000000
5.0000000000
5.0000000000
5.0000000000
5.0000000000
5.0000000000
5.0000000000
5.0000000000
5.0000000000
5.0000000000
5.0000000000
5.0000000000
5.0000000000
5.0000000000
5.0000000000
5.0000000000
5.0000000000
5.0000000000
5.0000000000
5.0000000000
5.0000000000
5.0000000000
5.0000000000
5.0000000000
5.0000000000
5.0000000000
5.0000000000
5.0000000000
5.0000000000
5.0000000000
5.0000000000
5.0000000000
5.0000000000
5.0000000000
5.0000000000
5.0000000000
5.0000000000
5.0000000000
5.0000000000
5.0000000000
5.0000000000
5.0000000000
5.0000000000
5.0000000000
5.0000000000
5.0000000000
5.0000000000
5.0000000000
5.0000000000
5.0000000000
5.0000000000
5.0000000000
5.0000000000
5.0000000000
5.0000000000
5.0000000000
5.0000000000
5.0000000000
5.0000000000
5.0000000000
5.0000000000
5.0000000000
5.0000000000
5.0000000000
5.0000000000
5.0000000000
5.0000000000
5.0000000000
5.0000000000
5.0000000000
5.0000000000
5.0000000000
5.0000000000
5.0000000000
5.0000000000
5.0000000000
5.0000000000
5.0000000000
5.0000000000
5.0000000000
5.0000000000
5.0000000000
5.0000000000
5.0000000000
5.0000000000
5.0000000000
5.0000000000
5.0000000000
5.0000000000
5.0000000000
5.0000000000
5.0000000000
5.0000000000
5.0000000000
5.0000000000
5.0000000000
5.0000000000
5.0000000000
5.0000000000
5.0000000000
5.0000000000
5.0000000000
5.0000000000
5.0000000000
5.0000000000
5.0000000000
5.0000000000
5.0000000000
5.0000000000
5.0000000000
5.0000000000
5.0000000000
5.0000000000
5.0000000000
5.0000000000
5.0000000000
5.0000000000
5.0000000000
5.0000000000
5.0000000000
5.0000000000
5.0000000000
5.0000000000
5.0000000000
5.0000000000
5.0000000000
5.0000000000
5.0000000000
5.0000000000
5.0000000000
5.0000000000
5.0000000000
5.0000000000
5.0000000000
5.0000000000
5.0000000000
5.0000000000
5.0000000000
5.0000000000
5.0000000000
5.0000000000
5.0000000000
5.0000000000
5.0000000000
5.0000000000
5.0000000000
5.0000000000
5.0000000000
5.0000000000
5.0000000000
5.0000000000
5.0000000000
5.0000000000
5.0000000000
5.0000000000
5.0000000000
5.0000000000
5.0000000000
5.0000000000
5.0000000000
5.0000000000
5.0000000000
5.0000000000
5.0000000000
5.0000000000
5.0000000000
5.0000000000
5.0000000000
5.0000000000
5.0000000000
5.0000000000
5.0000000000
5.0000000000
5.0000000000
5.0000000000
5.0000000000
5.0000000000
5.0000000000
5.0000000000
5.0000000000
5.0000000000
5.0000000000
5.0000000000
5.0000000000
5.0000000000
5.0000000000
5.0000000000
5.0000000000
5.0000000000
5.0000000000
5.0000000000
5.0000000000
5.0000000000
5.0000000000
5.0000000000
5.0000000000
5.0000000000
5.0000000000
5.0000000000
5.0000000000
5.0000000000
5.0000000000
5.0000000000
5.0000000000
5.0000000000
5.0000000000
5.0000000000
5.0000000000
5.0000000000
5.0000000000
5.0000000000
5.0000000000
5.0000000000
5.0000000000
5.0000000000
5.0000000000
5.0000000000
5.0000000000
5.0000000000
5.0000000000
5.0000000000
5.0000000000
5.0000000000
5.0000000000
5.0000000000
5.0000000000
5.0000000000
5.0000000000
5.0000000000
5.0000000000
5.0000000000
5.0000000000
5.0000000000
5.0000000000
5.0000000000
5.0000000000
5.0000000000
5.0000000000
5.0000000000
5.0000000000
5.0000000000
5.0000000000
5.0000000000
5.0000000000
5.0000000000
5.0000000000
5.0000000000
5.0000000000
5.0000000000
5.0000000000
5.0000000000
5.0000000000
5.0000000000
5.0000000000
5.0000000000
5.0000000000
5.0000000000
5.0000000000
5.0000000000
5.0000000000
5.0000000000
5.0000000000
5.0000000000
5.0000000000
5.0000000000
5.0000000000
5.0000000000
5.0000000000
5.0000000000
5.0000000000
5.0000000000
5.0000000000
5.0000000000
5.0000000000
5.0000000000
5.0000000000
5.0000000000
5.0000000000
5.0000000000
5.0000000000
5.0000000000
5.0000000000
5.0000000000
5.0000000000
5.0000000000
5.0000000000
5.0000000000
5.0000000000
5.0000000000
5.0000000000
5.0000000000
5.0000000000
5.0000000000
5.0000000000
5.0000000000
5.0000000000
5.0000000000
5.0000000000
5.0000000000
5.0000000000
5.0000000000
5.0000000000
5.0000000000
5.0000000000
5.0000000000
5.0000000000
5.0000000000
5.0000000000
5.0000000000
5.0000000000
5.0000000000
5.0000000000
5.0000000000
5.0000000000
5.0000000000
5.0000000000
5.0000000000
5.0000000000
5.0000000000
5.0000000000
5.0000000000
5.0000000000
5.0000000000
5.0000000000
5.0000000000
5.0000000000
5.0000000000
5.0000000000
5.0000000000
5.0000000000
5.0000000000
5.0000000000
5.0000000000
5.0000000000
5.0000000000
5.0000000000
5.0000000000
5.0000000000
5.0000000000
5.0000000000
5.0000000000
5.0000000000
5.0000000000
5.0000000000
5.0000000000
5.0000000000
5.0000000000
5.0000000000
5.0000000000
5.0000000000
5.0000000000
5.0000000000
5.0000000000
5.0000000000
5.0000000000
5.0000000000
5.0000000000
5.0000000000
5.0000000000
5.0000000000
5.0000000000
5.0000000000
5.0000000000
5.0000000000
5.0000000000
4.9999999919
4.9999999669
4.9999999204
4.9999998322
4.9999996927
4.9999994777
4.9999991555
4.9999987165
4.9999981095
4.9999973305
4.9999963586
4.9999951629
4.9999937833
4.9999921797
4.9999903978
4.9999884786
4.9999864094
4.9999843083
4.9999821730
4.9999800738
4.9999781789
4.9999764071
4.9999748958
4.9999736790
4.9999726862
4.9999721024
4.9999717906
4.9999718026
4.9999722183
4.9999728563
4.9999738508
4.9999751096
4.9999765306
4.9999782168
4.9999799875
4.9999818484
4.9999838170
4.9999857219
4.9999876191
4.9999894646
4.9999911485
4.9999927185
4.9999941112
4.9999952766
4.9999962476
4.9999969642
4.9999974048
4.9999976056
4.9999975190
4.9999971272
4.9999964800
4.9999955340
4.9999942768
4.9999927686
4.9999909575
4.9999888466
4.9999865006
4.9999838547
4.9999809327
4.9999777995
4.9999743821
4.9999707257
4.9999668882
4.9999628002
4.9999585230
4.9999541041
4.9999494851
4.9999447376
4.9999398962
4.9999349148
4.9999298692
4.9999247821
4.9999196177
4.9999144505
4.9999092947
4.9999041213
4.9998989997
4.9998939373
4.9998889096
4.9998839782
4.9998791472
4.9998743946
4.9998697730
4.9998652863
4.9998609135
4.9998566975
4.9998526428
4.9998487289
4.9998449898
4.9998414305
4.9998380317
4.9998348186
4.9998317970
4.9998289486
4.9998262911
4.9998238299
4.9998215491
4.9998194594
4.9998175654
4.9998158542
4.9998143303
4.9998129970
4.9998118444
4.9998108726
4.9998100828
4.9998094684
4.9998090258
4.9998087541
4.9998086489
4.9998087044
4.9998089183
4.9998092866
4.9998098032
4.9998104640
4.9998112651
4.9998122005
4.9998132652
4.9998144544
4.9998157630
4.9998171856
4.9998187161
4.9998203506
4.9998220835
4.9998239084
4.9998258212
4.9998278174
4.9998298904
4.9998320356
4.9998342495
4.9998365260
4.9998388600
4.9998412485
4.9998436865
4.9998461686
4.9998486917
4.9998512519
4.9998538441
4.9998564647
4.9998591109
4.9998617781
4.9998644623
4.9998671610
4.9998698708
4.9998725876
4.9998753089
4.9998780320
4.9998807534
4.9998834703
4.9998861806
4.9998888816
4.9998915706
4.9998942454
4.9998969041
4.9998995445
4.9999021646
4.9999047623
4.9999073363
4.9999098852
4.9999124065
4.9999148991
4.9999173621
4.9999197932
4.9999221905
4.9999245541
4.9999268830
4.9999291739
4.9999314272
4.9999336441
4.9999358211
4.9999379578
4.9999400566
4.9999421165
4.9999441341
4.9999461117
4.9999480522
4.9999499499
4.9999518055
4.9999536237
4.9999554018
4.9999571356
4.9999588297
4.9999604877
4.9999621008
4.9999636713
4.9999652066
4.9999667009
4.9999681497
4.9999695606
4.9999709368
4.9999722669
4.9999735548
4.9999748108
4.9999760256
4.9999771945
4.9999783281
4.9999794295
4.9999804842
4.9999814979
4.9999824841
4.9999834299
4.9999843299
4.9999851983
4.9999860383
4.9999868317
4.9999875860
4.9999883179
4.9999890117
4.9999896602
4.9999902811
4.9999908786
4.9999914303
4.9999919445
4.9999924417
4.9999929044
4.9999933218
4.9999937152
4.9999940913
4.9999944228
4.9999947176
4.9999950008
4.9999952546
4.9999954628
4.9999956495
4.9999958259
4.9999959599
4.9999960570
4.9999961471
4.9999962151
4.9999962369
4.9999962381
4.9999962366
4.9999961967
4.9999961181
4.9999960360
4.9999959408
4.9999957990
4.9999956354
4.9999954761
4.9999952849
4.9999950518
4.9999948162
4.9999945783
4.9999942942
4.9999939848
4.9999936848
4.9999933626
4.9999929942
4.9999926216
4.9999922573
4.9999918503
4.9999914113
4.9999909845
4.9999905486
4.9999900624
4.9999895667
4.9999890884
4.9999885757
4.9999880221
4.9999874796
4.9999869434
4.9999863553
4.9999857487
4.9999851647
4.9999845605
4.9999839059
4.9999832571
4.9999826287
4.9999819530
4.9999812455
4.9999805615
4.9999798768
4.9999791339
4.9999783864
4.9999776692
4.9999769181
4.9999761200
4.9999753404
4.9999745805
4.9999737611
4.9999729209
4.9999721145
4.9999712965
4.9999704168
4.9999695454
4.9999687094
4.9999678246
4.9999668984
4.9999660021
4.9999651210
4.9999641699
4.9999632098
4.9999622922
4.9999613492
4.9999603433
4.9999593574
4.9999584100
4.9999573983
4.9999563524
4.9999553477
4.9999543501
4.9999532737
4.9999521993
4.9999511758
4.9999501111
4.9999489841
4.9999478884
4.9999468314
4.9999456945
4.9999445325
4.9999434221
4.9999423073
4.9999411063
4.9999399185
4.9999387894
4.9999376010
4.9999363532
4.9999351498
4.9999341869
4.9999333505
4.9999325354
4.9999317213
4.9999309103
4.9999301311
4.9999294232
4.9999287333
4.9999274257
4.9999258310
4.9999244023
4.9999232293
4.9999223088
4.9999215880
4.9999209046
4.9999200982
4.9999190713
4.9999177941
4.9999162461
4.9999144585
4.9999124868
4.9999103693
4.9999081303
4.9999057979
4.9999034000
4.9999009639
4.9998985157
4.9998960798
4.9998936848
4.9998913455
4.9998890730
4.9998868822
4.9998847885
4.9998828076
4.9998809551
4.9998792460
4.9998776936
4.9998763091
4.9998751016
4.9998740784
4.9998732449
4.9998726047
4.9998721591
4.9998719074
4.9998718465
4.9998719714
4.9998722755
4.9998727509
4.9998733889
4.9998741807
4.9998751171
4.9998761894
4.9998773893
4.9998787090
4.9998801409
4.9998816781
4.9998833140
4.9998850421
4.9998868559
4.9998887489
4.9998907145
4.9998927462
4.9998948372
4.9998969807
4.9998991699
4.9999013982
4.9999036591
4.9999059465
4.9999082543
4.9999105769
4.9999129089
4.9999152455
4.9999175818
4.9999199134
4.9999222360
4.9999245456
4.9999268384
4.9999291107
4.9999313591
4.9999335803
4.9999357713
4.9999379293
4.9999400518
4.9999421366
4.9999441815
4.9999461851
4.9999481457
4.9999500624
4.9999519342
4.9999537603
4.9999555404
4.9999572741
4.9999589612
4.9999606016
4.9999621953
4.9999637424
4.9999652432
4.9999666977
4.9999681063
4.9999694694
4.9999707873
4.9999720607
4.9999732900
4.9999744760
4.9999756193
4.9999767208
4.9999777813
4.9999788017
4.9999797829
4.9999807259
4.9999816317
4.9999825012
4.9999833355
4.9999841356
4.9999849025
4.9999856373
4.9999863408
4.9999870141
4.9999876582
4.9999882741
4.9999888627
4.9999894249
4.9999899617
4.9999904741
4.9999909628
4.9999914288
4.9999918731
4.9999922963
4.9999926994
4.9999930832
4.9999934484
4.9999937959
4.9999941264
4.9999944406
4.9999947392
4.9999950229
4.9999952923
4.9999955482
4.9999957910
4.9999960215
4.9999962401
4.9999964474
4.9999966439
4.9999968302
4.9999970067
4.9999971739
4.9999973322
4.9999974821
4.9999976240
4.9999977582
4.9999978852
4.9999980053
4.9999981189
4.9999982262
4.9999983277
4.9999984236
4.9999985142
4.9999985997
4.9999986805
4.9999987569
4.9999988289
4.9999988969
4.9999989611
4.9999990217
4.9999990788
4.9999991327
4.9999991836
4.9999992315
4.9999992767
4.9999993193
4.9999993594
4.9999993973
4.9999994329
4.9999994665
4.9999994981
4.9999995279
4.9999995560
4.9999995824
4.9999996073
4.9999996307
4.9999996527
4.9999996735
4.9999996930
4.9999997114
4.9999997287
4.9999997450
4.9999997603
4.9999997747
4.9999997883
4.9999998010
4.9999998130
4.9999998243
4.9999998349
4.9999998449
4.9999998542
4.9999998630
4.9999998713
4.9999998791
4.9999998864
4.9999998933
4.9999998998
4.9999999058
4.9999999115
4.9999999169
4.9999999219
4.9999999267
4.9999999311
4.9999999353
4.9999999393
4.9999999430
4.9999999464
4.9999999497
4.9999999527
4.9999999556
4.9999999583
4.9999999609
4.9999999633
4.9999999655
4.9999999676
4.9999999696
4.9999999714
4.9999999732
4.9999999748
4.9999999763
4.9999999778
4.9999999791
4.9999999804
4.9999999816
4.9999999827
4.9999999838
4.9999999848
4.9999999857
4.9999999866
4.9999999874
4.9999999882
4.9999999889
4.9999999896
4.9999999902
4.9999999908
4.9999999914
4.9999999919
4.9999999924
4.9999999928
4.9999999933
4.9999999937
4.9999999941
4.9999999944
4.9999999948
4.9999999951
4.9999999954
4.9999999957
4.9999999959
4.9999999962
4.9999999964
4.9999999966
4.9999999968
4.9999999970
4.9999999972
4.9999999974
4.9999999975
4.9999999977
4.9999999978
4.9999999980
4.9999999981
4.9999999982
4.9999999983
4.9999999984
4.9999999985
4.9999999986
4.9999999987
4.9999999988
4.9999999988
4.9999999989
4.9999999990
4.9999999990
4.9999999991
4.9999999992
4.9999999992
4.9999999993
4.9999999993
4.9999999993
4.9999999994
4.9999999994
4.9999999995
4.9999999995
4.9999999995
4.9999999996
4.9999999996
4.9999999996
4.9999999996
4.9999999997
4.9999999997
4.9999999997
4.9999999997
4.9999999997
4.9999999997
4.9999999998
4.9999999998
4.9999999998
4.9999999998
4.9999999998
4.9999999998
4.9999999998
4.9999999998
4.9999999999
4.9999999999
4.9999999999
4.9999999999
4.9999999999
4.9999999999
4.9999999999
4.9999999999
4.9999999999
4.9999999999
4.9999999999
4.9999999999
4.9999999999
4.9999999999
4.9999999999
4.9999999999
4.9999999999
5.0000000000
5.0000000000
5.0000000000
5.0000000000
5.0000000000
5.0000000000
5.0000000000
5.0000000000
5.0000000000
5.0000000000
5.0000000000
5.0000000000
5.0000000000
5.0000000000
5.0000000000
5.0000000000
5.0000000000
5.0000000000
5.0000000000
5.0000000000
5.0000000000
5.0000000000
5.0000000000
5.0000000000
5.0000000000
5.0000000000
5.0000000000
5.0000000000
5.0000000000
5.0000000000
5.0000000000
5.0000000000
5.0000000000
5.0000000000
5.0000000000
5.0000000000
5.0000000000
5.0000000000
5.0000000000
5.0000000000
5.0000000000
5.0000000000
5.0000000000
5.0000000000
5.0000000000
5.0000000000
5.0000000000
5.0000000000
5.0000000000
5.0000000000
5.0000000000
5.0000000000
5.0000000000
5.0000000000
5.0000000000
5.0000000000
5.0000000000
5.0000000000
5.0000000000
5.0000000000
5.0000000000
5.0000000000
5.0000000000
5.0000000000
5.0000000000
5.0000000000
5.0000000000
5.0000000000
5.0000000000
5.0000000000
5.0000000000
5.0000000000
5.0000000000
5.0000000000
5.0000000000
5.0000000000
5.0000000000
5.0000000000
5.0000000000
5.0000000000
5.0000000000
5.0000000000
5.0000000000
5.0000000000
5.0000000000
5.0000000000
5.0000000000
5.0000000000
5.0000000000
5.0000000000
5.0000000000
5.0000000000
5.0000000000
5.0000000000
5.0000000000
5.0000000000
5.0000000000
5.0000000000
5.0000000000
5.0000000000
5.0000000000
5.0000000000
5.0000000000
5.0000000000
5.0000000000
5.0000000000
5.0000000000
5.0000000000
5.0000000000
5.0000000000
5.0000000000
5.0000000000
5.0000000000
5.0000000000
5.0000000000
5.0000000000
5.0000000000
5.0000000000
5.0000000000
5.0000000000
5.0000000000
5.0000000000
5.0000000000
5.0000000000
5.0000000000
5.0000000000
5.0000000000
5.0000000000
5.0000000000
5.0000000000
5.0000000000
5.0000000000
5.0000000000
5.0000000000
5.0000000000
5.0000000000
5.0000000000
5.0000000000
5.0000000000
5.0000000000
5.0000000000
5.0000000000
5.0000000000
5.0000000000
5.0000000000
5.0000000000
5.0000000000
5.0000000000
5.0000000000
5.0000000000
5.0000000000
5.0000000000
5.0000000000
5.0000000000
5.0000000000
5.0000000000
5.0000000000
5.0000000000
5.0000000000
5.0000000000
5.0000000000
5.0000000000
5.0000000000
5.0000000000
5.0000000000
5.0000000000
5.0000000000
5.0000000000
5.0000000000
5.0000000000
5.0000000000
5.0000000000
5.0000000000
5.0000000000
5.0000000000
5.0000000000
5.0000000000
5.0000000000
5.0000000000
5.0000000000
5.0000000000
5.0000000000
5.0000000000
5.0000000000
5.0000000000
5.0000000000
5.0000000000
5.0000000000
5.0000000000
5.0000000000
5.0000000000
5.0000000000
5.0000000000
5.0000000000
5.0000000000
5.0000000000
5.0000000000
5.0000000000
5.0000000000
5.0000000000
5.0000000000
5.0000000000
5.0000000000
5.0000000000
5.0000000000
5.0000000000
5.0000000000
5.0000000000
5.0000000000
5.0000000000
5.0000000000
5.0000000000
5.0000000000
5.0000000000
5.0000000000
5.0000000000
5.0000000000
5.0000000000
5.0000000000
5.0000000000
5.0000000000
5.0000000000
5.0000000000
5.0000000000
5.0000000000
5.0000000000
5.0000000000
5.0000000000
5.0000000000
5.0000000000
5.0000000000
5.0000000000
5.0000000000
5.0000000000
5.0000000000
5.0000000000
5.0000000000
5.0000000000
5.0000000000
5.0000000000
5.0000000000
5.0000000000
5.0000000000
5.0000000000
5.0000000000
5.0000000000
5.0000000000
5.0000000000
5.0000000000
5.0000000000
5.0000000000
5.0000000000
5.0000000000
5.0000000000
5.0000000000
5.0000000000
5.0000000000
5.0000000000
5.0000000000
5.0000000000
5.0000000000
5.0000000000
5.0000000000
5.0000000000
5.0000000000
5.0000000000
5.0000000000
5.0000000000
5.0000000000
5.0000000000
5.0000000000
5.0000000000
5.0000000000
5.0000000000
5.0000000000
5.0000000000
5.0000000000
5.0000000000
5.0000000000
5.0000000000
5.0000000000
5.0000000000
5.0000000000
5.0000000000
5.0000000000
5.0000000000
5.0000000000
5.0000000000
5.0000000000
5.0000000000
5.0000000000
5.0000000000
5.0000000000
5.0000000000
5.0000000000
5.0000000000
5.0000000000
5.0000000000
5.0000000000
5.0000000000
5.0000000000
5.0000000000
5.0000000000
5.0000000000
5.0000000000
5.0000000000
5.0000000000
5.0000000000
5.0000000000
5.0000000000
5.0000000000
5.0000000000
5.0000000000
5.0000000000
5.0000000000
5.0000000000
5.0000000000
5.0000000000
5.0000000000
5.0000000000
5.0000000000
5.0000000000
5.0000000000
5.0000000000
5.0000000000
5.0000000000
5.0000000000
5.0000000000
5.0000000000
5.0000000000
5.0000000000
5.0000000000
5.0000000000
5.0000000000
5.0000000000
5.0000000000
5.0000000000
5.0000000000
5.0000000000
5.0000000000
5.0000000000
5.0000000000
5.0000000000
5.0000000000
5.0000000000
5.0000000000
5.0000000000
5.0000000000
5.0000000000
5.0000000000
5.0000000000
5.0000000000
5.0000000000
5.0000000000
5.0000000000
5.0000000000
5.0000000000
5.0000000000
5.0000000000
5.0000000000
5.0000000000
5.0000000000
5.0000000000
5.0000000000
5.0000000000
5.0000000000
5.0000000000
5.0000000000
5.0000000000
5.0000000000
5.0000000000
5.0000000000
5.0000000000
5.0000000000
5.0000000000
5.0000000000
5.0000000000
5.0000000000
5.0000000000
5.0000000000
5.0000000000
5.0000000000
5.0000000000
5.0000000000
5.0000000000
5.0000000000
5.0000000000
5.0000000000
5.0000000000
5.0000000000
5.0000000000
5.0000000000
5.0000000000
5.0000000000
5.0000000000
5.0000000000
5.0000000000
5.0000000000
5.0000000000
5.0000000000
5.0000000000
5.0000000000
5.0000000000
5.0000000000
5.0000000000
5.0000000000
5.0000000000
5.0000000000
5.0000000000
5.0000000000
5.0000000000
5.0000000000
5.0000000000
5.0000000000
5.0000000000
5.0000000000
5.0000000000
5.0000000000
5.0000000000
5.0000000000
5.0000000000
5.0000000000
5.0000000000
5.0000000000
5.0000000000
5.0000000000
5.0000000000
5.0000000000
5.0000000000
5.0000000000
5.0000000000
5.0000000000
5.0000000000
5.0000000000
5.0000000000
5.0000000000
5.0000000000
5.0000000000
5.0000000000
5.0000000000
5.0000000000
5.0000000000
5.0000000000
5.0000000000
5.0000000000
5.0000000000
5.0000000000
5.0000000000
5.0000000000
5.0000000000
5.0000000000
5.0000000000
5.0000000000
5.0000000000
5.0000000000
5.0000000000
5.0000000000
5.0000000000
5.0000000000
5.0000000000
5.0000000000
5.0000000000
5.0000000000
5.0000000000
5.0000000000
5.0000000000
5.0000000000
5.0000000000
5.0000000000
5.0000000000
5.0000000000
5.0000000000
5.0000000000
5.0000000000
5.0000000000
5.0000000000
5.0000000000
5.0000000000
5.0000000000
5.0000000000
5.0000000000
5.0000000000
5.0000000000
5.0000000000
5.0000000000
5.0000000000
5.0000000000
5.0000000000
5.0000000000
5.0000000000
5.0000000000
5.0000000000
5.0000000000
5.0000000000
5.0000000000
5.0000000000
5.0000000000
5.0000000000
5.0000000000
5.0000000000
5.0000000000
5.0000000000
5.0000000000
5.0000000000
5.0000000000
5.0000000000
5.0000000000
5.0000000000
5.0000000000
5.0000000000
5.0000000000
5.0000000000
5.0000000000
5.0000000000
5.0000000000
5.0000000000
5.0000000000
5.0000000000
5.0000000000
5.0000000000
5.0000000000
5.0000000000
5.0000000000
5.0000000000
5.0000000000
5.0000000000
5.0000000000
5.0000000000
5.0000000000
5.0000000000
5.0000000000
5.0000000000
5.0000000000
5.0000000000
5.0000000000
5.0000000000
5.0000000000
5.0000000000
5.0000000000
5.0000000000
5.0000000000
5.0000000000
5.0000000000
5.0000000000
5.0000000000
5.0000000000
5.0000000000
5.0000000000
5.0000000000
5.0000000000
5.0000000000
5.0000000000
5.0000000000
5.0000000000
5.0000000000
5.0000000000
5.0000000000
5.0000000000
5.0000000000
5.0000000000
5.0000000000
5.0000000000
5.0000000000
5.0000000000
4.9999999952
4.9999999843
4.9999999700
4.9999999557
4.9999999434
4.9999999336
4.9999999229
4.9999999043
4.9999998757
4.9999998389
4.9999997978
4.9999997571
4.9999997171
4.9999996693
4.9999996139
4.9999995555
4.9999994999
4.9999994527
4.9999994130
4.9999993667
4.9999993165
4.9999992660
4.9999992208
4.9999991875
4.9999991660
4.9999991380
4.9999991061
4.9999990753
4.9999990521
4.9999990440
4.9999990511
4.9999990508
4.9999990443
4.9999990378
4.9999990379
4.9999990531
4.9999990839
4.9999991049
4.9999991154
4.9999991231
4.9999991345
4.9999991587
4.9999991967
4.9999992213
4.9999992302
4.9999992320
4.9999992334
4.9999992436
4.9999992644
4.9999992676
4.9999992496
4.9999992201
4.9999991857
4.9999991561
4.9999991334
4.9999990894
4.9999990201
4.9999989361
4.9999988442
4.9999987546
4.9999986697
4.9999985621
4.9999984277
4.9999982780
4.9999981198
4.9999979635
4.9999978120
4.9999976382
4.9999974387
4.9999972254
4.9999970052
4.9999967884
4.9999965775
4.9999963461
4.9999960917
4.9999958264
4.9999955570
4.9999952937
4.9999950379
4.9999947639
4.9999944706
4.9999941699
4.9999938687
4.9999935765
4.9999932934
4.9999929947
4.9999926807
4.9999923632
4.9999920486
4.9999917462
4.9999914540
4.9999911484
4.9999908318
4.9999905151
4.9999902047
4.9999899093
4.9999896244
4.9999893278
4.9999890242
4.9999887236
4.9999884323
4.9999881582
4.9999878936
4.9999876187
4.9999873402
4.9999870673
4.9999868059
4.9999865633
4.9999863278
4.9999860832
4.9999858379
4.9999856001
4.9999853757
4.9999851703
4.9999849688
4.9999847592
4.9999845514
4.9999843526
4.9999841684
4.9999840024
4.9999838366
4.9999836636
4.9999834947
4.9999833357
4.9999831924
4.9999830647
4.9999829335
4.9999827967
4.9999826659
4.9999825457
4.9999824417
4.9999823490
4.9999822502
4.9999821476
4.9999820523
4.9999819685
4.9999819009
4.9999818384
4.9999817686
4.9999816973
4.9999816344
4.9999815835
4.9999815473
4.9999815100
4.9999814653
4.9999814219
4.9999813876
4.9999813662
4.9999813553
4.9999813384
4.9999813152
4.9999812964
4.9999812872
4.9999812911
4.9999812986
4.9999812980
4.9999812934
4.9999812957
4.9999813082
4.9999813321
4.9999813525
4.9999813648
4.9999813766
4.9999813969
4.9999814282
4.9999814652
4.9999814942
4.9999815170
4.9999815434
4.9999815791
4.9999816253
4.9999816690
4.9999817041
4.9999817362
4.9999817754
4.9999818246
4.9999818791
4.9999819257
4.9999819655
4.9999820067
4.9999820570
4.9999821166
4.9999821729
4.9999822206
4.9999822648
4.9999823153
4.9999823756
4.9999824388
4.9999824936
4.9999825422
4.9999825920
4.9999826511
4.9999827177
4.9999827786
4.9999828315
4.9999828819
4.9999829390
4.9999830056
4.9999830709
4.9999831275
4.9999831795
4.9999832343
4.9999832989
4.9999833667
4.9999834264
4.9999834799
4.9999835331
4.9999835949
4.9999836632
4.9999837252
4.9999837799
4.9999838326
4.9999838911
4.9999839584
4.9999840216
4.9999840771
4.9999841293
4.9999841849
4.9999842501
4.9999843138
4.9999843695
4.9999844212
4.9999844747
4.9999845373
4.9999846005
4.9999846559
4.9999847069
4.9999847587
4.9999848185
4.9999848805
4.9999849352
4.9999849851
4.9999850356
4.9999850928
4.9999851531
4.9999852064
4.9999852551
4.9999853043
4.9999853596
4.9999854177
4.9999854692
4.9999855164
4.9999855644
4.9999856180
4.9999856736
4.9999857230
4.9999857686
4.9999858154
4.9999858677
4.9999859204
4.9999859674
4.9999860114
4.9999860574
4.9999861083
4.9999861578
4.9999862022
4.9999862447
4.9999862903
4.9999863392
4.9999863854
4.9999864272
4.9999864687
4.9999865141
4.9999865603
4.9999866029
4.9999866426
4.9999866835
4.9999867285
4.9999867710
4.9999868104
4.9999868486
4.9999868895
4.9999869325
4.9999869712
4.9999870080
4.9999870454
4.9999870867
4.9999871257
4.9999871610
4.9999871961
4.9999872340
4.9999872736
4.9999873078
4.9999873408
4.9999873757
4.9999874140
4.9999874487
4.9999874794
4.9999875117
4.9999875476
4.9999875827
4.9999876122
4.9999876417
4.9999876749
4.9999877096
4.9999877389
4.9999877657
4.9999877963
4.9999878299
4.9999878587
4.9999878837
4.9999879116
4.9999879436
4.9999879717
4.9999879955
4.9999880207
4.9999880510
4.9999880780
4.9999881006
4.9999881237
4.9999881521
4.9999881775
4.9999881988
4.9999882205
4.9999882468
4.9999882703
4.9999882902
4.9999883108
4.9999883350
4.9999883562
4.9999883746
4.9999883947
4.9999884163
4.9999884350
4.9999884523
4.9999884718
4.9999884903
4.9999885067
4.9999885233
4.9999885415
4.9999885568
4.9999885713
4.9999885878
4.9999886030
4.9999886154
4.9999886292
4.9999886446
4.9999886559
4.9999886667
4.9999886807
4.9999886922
4.9999887004
4.9999887116
4.9999887231
4.9999887304
4.9999887381
4.9999887484
4.9999887550
4.9999887605
4.9999887685
4.9999887740
4.9999887781
4.9999887834
4.9999887872
4.9999887900
4.9999887933
4.9999887945
4.9999887960
4.9999887973
4.9999887957
4.9999887958
4.9999887947
4.9999887906
4.9999887889
4.9999887849
4.9999887790
4.9999887746
4.9999887676
4.9999887602
4.9999887518
4.9999887427
4.9999887323
4.9999887204
4.9999887091
4.9999886943
4.9999886802
4.9999886641
4.9999886465
4.9999886277
4.9999886080
4.9999885853
4.9999885627
4.9999885369
4.9999885098
4.9999884807
4.9999884486
4.9999884149
4.9999883777
4.9999883373
4.9999882940
4.9999882456
4.9999881930
4.9999881339
4.9999880678
4.9999879923
4.9999879037
4.9999877964
4.9999876543
4.9999875342
4.9999884879
4.9999891697
4.9999885056
4.9999864721
4.9999833138
4.9999792083
4.9999742133
4.9999683640
4.9999617591
4.9999546599
4.9999474962
4.9999407938
4.9999350804
4.9999308294
4.9999283693
4.9999278219
4.9999291265
4.9999320977
4.9999364470
4.9999418462
4.9999484788
4.9999555633
4.9999623951
4.9999686671
4.9999742695
4.9999792042
4.9999835324
4.9999873293
4.9999906818
4.9999936508
4.9999962580
4.9999984942
5.0000004093
5.0000048344
5.0000094337
5.0000112914
5.0000107871
5.0000083237
5.0000041957
4.9999989996
4.9999864810
4.9999686422
4.9999548067
4.9999490871
4.9999511583
4.9999577396
4.9999650990
4.9999706995
4.9999736516
4.9999743580
4.9999738323
4.9999731132
4.9999728927
4.9999734079
4.9999745351
4.9999759829
4.9999774397
4.9999786450
4.9999794127
4.9999796429
4.9999793144
4.9999784684
4.9999771896
4.9999755891
4.9999737793
4.9999718502
4.9999698580
4.9999678303
4.9999657746
4.9999636876
4.9999615645
4.9999594113
4.9999572513
4.9999551246
4.9999530828
4.9999511879
4.9999495053
4.9999480924
4.9999469897
4.9999462200
4.9999457858
4.9999456676
4.9999458243
4.9999462043
4.9999467512
4.9999474080
4.9999481212
4.9999488494
4.9999495651
4.9999502538
4.9999509109
4.9999515422
4.9999521605
4.9999527815
4.9999534187
4.9999540835
4.9999547839
4.9999555238
4.9999563013
4.9999571116
4.9999579488
4.9999588069
4.9999596790
4.9999605597
4.9999614465
4.9999623389
4.9999632366
4.9999641396
4.9999650495
4.9999659680
4.9999668942
4.9999678254
4.9999687589
4.9999696918
4.9999706191
4.9999715343
4.9999724326
4.9999733106
4.9999741654
4.9999749929
4.9999757923
4.9999765645
4.9999773111
4.9999780323
4.9999787298
4.9999794066
4.9999800654
4.9999807063
4.9999813299
4.9999819374
4.9999825300
4.9999831064
4.9999836649
4.9999842059
4.9999847299
4.9999852360
4.9999857227
4.9999861908
4.9999866419
4.9999870768
4.9999874945
4.9999878964
4.9999882847
4.9999886608
4.9999890236
4.9999893737
4.9999897128
4.9999900422
4.9999903599
4.9999906656
4.9999909601
4.9999912447
4.9999915178
4.9999917782
4.9999920268
4.9999922653
4.9999924930
4.9999927087
4.9999929134
4.9999931094
4.9999932970
4.9999934749
4.9999936439
4.9999938062
4.9999939629
4.9999941124
4.9999942548
4.9999943919
4.9999945253
4.9999946531
4.9999947748
4.9999948916
4.9999950052
4.9999951143
4.9999952175
4.9999953156
4.9999954106
4.9999955020
4.9999955877
4.9999956684
4.9999957460
4.9999958209
4.9999958909
4.9999959562
4.9999960185
4.9999960792
4.9999961362
4.9999961889
4.9999962389
4.9999962881
4.9999963348
4.9999963778
4.9999964181
4.9999964580
4.9999964966
4.9999965318
4.9999965644
4.9999965963
4.9999966280
4.9999966567
4.9999966825
4.9999967075
4.9999967328
4.9999967557
4.9999967758
4.9999967946
4.9999968141
4.9999968322
4.9999968475
4.9999968612
4.9999968756
4.9999968897
4.9999969011
4.9999969107
4.9999969207
4.9999969313
4.9999969396
4.9999969457
4.9999969519
4.9999969593
4.9999969649
4.9999969682
4.9999969710
4.9999969752
4.9999969786
4.9999969795
4.9999969794
4.9999969808
4.9999969822
4.9999969813
4.9999969790
4.9999969778
4.9999969776
4.9999969752
4.9999969710
4.9999969676
4.9999969657
4.9999969621
4.9999969565
4.9999969510
4.9999969473
4.9999969427
4.9999969358
4.9999969284
4.9999969229
4.9999969173
4.9999969093
4.9999969002
4.9999968928
4.9999968862
4.9999968773
4.9999968669
4.9999968576
4.9999968501
4.9999968404
4.9999968289
4.9999968179
4.9999968092
4.9999967990
4.9999967865
4.9999967740
4.9999967640
4.9999967532
4.9999967399
4.9999967260
4.9999967145
4.9999967031
4.9999966891
4.9999966739
4.9999966608
4.9999966488
4.9999966341
4.9999966178
4.9999966031
4.9999965902
4.9999965749
4.9999965576
4.9999965412
4.9999965274
4.9999965115
4.9999964932
4.9999964753
4.9999964604
4.9999964438
4.9999964247
4.9999964053
4.9999963890
4.9999963719
4.9999963518
4.9999963311
4.9999963134
4.9999962955
4.9999962746
4.9999962526
4.9999962332
4.9999962146
4.9999961927
4.9999961695
4.9999961484
4.9999961289
4.9999961062
4.9999960816
4.9999960590
4.9999960384
4.9999960147
4.9999959889
4.9999959645
4.9999959428
4.9999959181
4.9999958909
4.9999958649
4.9999958419
4.9999958161
4.9999957875
4.9999957598
4.9999957355
4.9999957084
4.9999956785
4.9999956491
4.9999956232
4.9999955948
4.9999955634
4.9999955324
4.9999955049
4.9999954751
4.9999954420
4.9999954093
4.9999953802
4.9999953487
4.9999953140
4.9999952795
4.9999952486
4.9999952154
4.9999951788
4.9999951426
4.9999951099
4.9999950748
4.9999950363
4.9999949982
4.9999949635
4.9999949264
4.9999948858
4.9999948458
4.9999948092
4.9999947697
4.9999947269
4.9999946850
4.9999946461
4.9999946042
4.9999945590
4.9999945152
4.9999944740
4.9999944292
4.9999943816
4.9999943359
4.9999942920
4.9999942443
4.9999941942
4.9999941464
4.9999940996
4.9999940487
4.9999939959
4.9999939460
4.9999938960
4.9999938417
4.9999937862
4.9999937340
4.9999936802
4.9999936224
4.9999935643
4.9999935094
4.9999934516
4.9999933900
4.9999933295
4.9999932712
4.9999932089
4.9999931437
4.9999930808
4.9999930183
4.9999929513
4.9999928825
4.9999928171
4.9999927495
4.9999926777
4.9999926055
4.9999925370
4.9999924636
4.9999923869
4.9999923118
4.9999922387
4.9999921592
4.9999920779
4.9999920001
4.9999919205
4.9999918349
4.9999917494
4.9999916773
4.9999916240
4.9999915743
4.9999915241
4.9999914737
4.9999914258
4.9999913850
4.9999913487
4.9999910956
4.9999904965
4.9999899387
4.9999895641
4.9999894182
4.9999894831
4.9999896874
4.9999899417
4.9999901746
4.9999903513
4.9999904620
4.9999905176
4.9999905320
4.9999904789
4.9999903479
4.9999901623
4.9999899518
4.9999897439
4.9999895578
4.9999894010
4.9999892751
4.9999891706
4.9999890632
4.9999889389
4.9999887883
4.9999885810
4.9999883005
4.9999879664
4.9999876089
4.9999872580
4.9999869366
4.9999866572
4.9999864248
4.9999862368
4.9999860762
4.9999859328
4.9999858006
4.9999856541
4.9999854715
4.9999852656
4.9999850599
4.9999848772
4.9999847344
4.9999846388
4.9999845896
4.9999845815
4.9999845941
4.9999846132
4.9999846302
4.9999846235
4.9999845680
4.9999844739
4.9999843635
4.9999842607
4.9999841843
4.9999841445
4.9999841428
4.9999841777
4.9999842317
4.9999842917
4.9999843504
4.9999843914
4.9999843882
4.9999843475
4.9999842903
4.9999842393
4.9999842130
4.9999842222
4.9999842687
4.9999843520
4.9999844558
4.9999845666
4.9999846761
4.9999847708
4.9999848225
4.9999848336
4.9999848227
4.9999848111
4.9999848171
4.9999848516
4.9999849173
4.9999850147
4.9999851299
4.9999852495
4.9999853658
4.9999854685
4.9999855304
4.9999855508
4.9999855468
4.9999855392
4.9999855462
4.9999855796
4.9999856426
4.9999857363
4.9999858490
4.9999859673
4.9999860831
4.9999861883
4.9999862568
4.9999862841
4.9999862856
4.9999862807
4.9999862876
4.9999863182
4.9999863766
4.9999864639
4.9999865709
4.9999866841
4.9999867953
4.9999868977
4.9999869676
4.9999869969
4.9999869989
4.9999869923
4.9999869946
4.9999870181
4.9999870677
4.9999871443
4.9999872416
4.9999873460
4.9999874490
4.9999875452
4.9999876134
4.9999876426
4.9999876438
4.9999876348
4.9999876326
4.9999876497
4.9999876916
4.9999877593
4.9999878485
4.9999879458
4.9999880429
4.9999881344
4.9999882027
4.9999882336
4.9999882361
4.9999882268
4.9999882221
4.9999882345
4.9999882703
4.9999883303
4.9999884121
4.9999885029
4.9999885942
4.9999886809
4.9999887488
4.9999887813
4.9999887854
4.9999887762
4.9999887696
4.9999887782
4.9999888087
4.9999888621
4.9999889374
4.9999890227
4.9999891093
4.9999891922
4.9999892602
4.9999892952
4.9999893019
4.9999892942
4.9999892873
4.9999892935
4.9999893200
4.9999893682
4.9999894379
4.9999895184
4.9999896010
4.9999896806
4.9999897485
4.9999897862
4.9999897959
4.9999897902
4.9999897835
4.9999897880
4.9999898112
4.9999898549
4.9999899194
4.9999899956
4.9999900745
4.9999901511
4.9999902187
4.9999902591
4.9999902720
4.9999902687
4.9999902627
4.9999902662
4.9999902867
4.9999903265
4.9999903863
4.9999904584
4.9999905339
4.9999906077
4.9999906746
4.9999907175
4.9999907337
4.9999907329
4.9999907282
4.9999907310
4.9999907492
4.9999907856
4.9999908409
4.9999909091
4.9999909814
4.9999910525
4.9999911183
4.9999911634
4.9999911827
4.9999911846
4.9999911812
4.9999911837
4.9999912000
4.9999912333
4.9999912843
4.9999913487
4.9999914178
4.9999914863
4.9999915506
4.9999915975
4.9999916197
4.9999916243
4.9999916224
4.9999916248
4.9999916395
4.9999916701
4.9999917171
4.9999917778
4.9999918437
4.9999919095
4.9999919720
4.9999920202
4.9999920451
4.9999920523
4.9999920520
4.9999920546
4.9999920679
4.9999920959
4.9999921393
4.9999921963
4.9999922591
4.9999923223
4.9999923827
4.9999924317
4.9999924590
4.9999924687
4.9999924701
4.9999924731
4.9999924853
4.9999925110
4.9999925509
4.9999926044
4.9999926640
4.9999927245
4.9999927827
4.9999928321
4.9999928615
4.9999928736
4.9999928767
4.9999928801
4.9999928915
4.9999929150
4.9999929518
4.9999930017
4.9999930583
4.9999931161
4.9999931722
4.9999932214
4.9999932526
4.9999932669
4.9999932718
4.9999932758
4.9999932864
4.9999933081
4.9999933420
4.9999933885
4.9999934420
4.9999934972
4.9999935509
4.9999935995
4.9999936323
4.9999936486
4.9999936552
4.9999936599
4.9999936700
4.9999936900
4.9999937214
4.9999937646
4.9999938150
4.9999938675
4.9999939190
4.9999939666
4.9999940005
4.9999940187
4.9999940269
4.9999940325
4.9999940423
4.9999940608
4.9999940898
4.9999941298
4.9999941773
4.9999942272
4.9999942764
4.9999943227
4.9999943575
4.9999943774
4.9999943871
4.9999943936
4.9999944032
4.9999944204
4.9999944473
4.9999944843
4.9999945289
4.9999945762
4.9999946232
4.9999946678
4.9999947031
4.9999947244
4.9999947357
4.9999947431
4.9999947526
4.9999947688
4.9999947937
4.9999948279
4.9999948697
4.9999949144
4.9999949592
4.9999950020
4.9999950374
4.9999950600
4.9999950727
4.9999950810
4.9999950906
4.9999951059
4.9999951291
4.9999951606
4.9999951997
4.9999952419
4.9999952844
4.9999953254
4.9999953607
4.9999953843
4.9999953983
4.9999954075
4.9999954173
4.9999954318
4.9999954533
4.9999954825
4.9999955189
4.9999955587
4.9999955990
4.9999956380
4.9999956728
4.9999956972
4.9999957123
4.9999957224
4.9999957324
4.9999957463
4.9999957664
4.9999957934
4.9999958273
4.9999958646
4.9999959027
4.9999959399
4.9999959738
4.9999959987
4.9999960148
4.9999960258
4.9999960361
4.9999960495
4.9999960683
4.9999960933
4.9999961248
4.9999961598
4.9999961957
4.9999962309
4.9999962638
4.9999962890
4.9999963059
4.9999963177
4.9999963284
4.9999963413
4.9999963591
4.9999963823
4.9999964114
4.9999964442
4.9999964780
4.9999965113
4.9999965428
4.9999965681
4.9999965857
4.9999965982
4.9999966092
4.9999966219
4.9999966386
4.9999966602
4.9999966871
4.9999967176
4.9999967494
4.9999967808
4.9999968109
4.9999968360
4.9999968541
4.9999968672
4.9999968786
4.9999968910
4.9999969069
4.9999969271
4.9999969519
4.9999969803
4.9999970100
4.9999970396
4.9999970681
4.9999970928
4.9999971112
4.9999971249
4.9999971365
4.9999971488
4.9999971639
4.9999971828
4.9999972057
4.9999972321
4.9999972598
4.9999972876
4.9999973145
4.9999973385
4.9999973571
4.9999973712
4.9999973831
4.9999973953
4.9999974097
4.9999974274
4.9999974485
4.9999974730
4.9999974988
4.9999975248
4.9999975501
4.9999975733
4.9999975918
4.9999976062
4.9999976183
4.9999976304
4.9999976442
4.9999976608
4.9999976804
4.9999977030
4.9999977269
4.9999977511
4.9999977748
4.9999977971
4.9999978154
4.9999978299
4.9999978422
4.9999978542
4.9999978675
4.9999978831
4.9999979012
4.9999979220
4.9999979442
4.9999979667
4.9999979888
4.9999980099
4.9999980278
4.9999980424
4.9999980548
4.9999980667
4.9999980795
4.9999980941
4.9999981110
4.9999981301
4.9999981506
4.9999981714
4.9999981919
4.9999982118
4.9999982292
4.9999982436
4.9999982561
4.9999982679
4.9999982802
4.9999982940
4.9999983096
4.9999983272
4.9999983461
4.9999983653
4.9999983843
4.9999984029
4.9999984196
4.9999984338
4.9999984461
4.9999984578
4.9999984697
4.9999984827
4.9999984972
4.9999985133
4.9999985306
4.9999985483
4.9999985658
4.9999985830
4.9999985990
4.9999986128
4.9999986250
4.9999986364
4.9999986479
4.9999986602
4.9999986737
4.9999986885
4.9999987043
4.9999987204
4.9999987366
4.9999987524
4.9999987674
4.9999987807
4.9999987926
4.9999988038
4.9999988149
4.9999988265
4.9999988390
4.9999988526
4.9999988669
4.9999988817
4.9999988964
4.9999989109
4.9999989249
4.9999989376
4.9999989492
4.9999989600
4.9999989707
4.9999989816
4.9999989932
4.9999990056
4.9999990187
4.9999990320
4.9999990454
4.9999990586
4.9999990716
4.9999990836
4.9999990946
4.9999991050
4.9999991152
4.9999991256
4.9999991363
4.9999991476
4.9999991594
4.9999991715
4.9999991835
4.9999991955
4.9999992073
4.9999992185
4.9999992290
4.9999992389
4.9999992486
4.9999992583
4.9999992682
4.9999992784
4.9999992891
4.9999992999
4.9999993108
4.9999993215
4.9999993322
4.9999993426
4.9999993524
4.9999993617
4.9999993708
4.9999993798
4.9999993889
4.9999993982
4.9999994078
4.9999994174
4.9999994271
4.9999994367
4.9999994463
4.9999994557
4.9999994647
4.9999994734
4.9999994819
4.9999994902
4.9999994985
4.9999995069
4.9999995154
4.9999995240
4.9999995325
4.9999995410
4.9999995495
4.9999995579
4.9999995661
4.9999995741
4.9999995819
4.9999995895
4.9999995970
4.9999996045
4.9999996120
4.9999996195
4.9999996270
4.9999996345
4.9999996419
4.9999996493
4.9999996566
4.9999996638
4.9999996708
4.9999996776
4.9999996843
4.9999996909
4.9999996975
4.9999997040
4.9999997105
4.9999997170
4.9999997234
4.9999997298
4.9999997362
4.9999997425
4.9999997486
4.9999997546
4.9999997605
4.9999997662
4.9999997719
4.9999997775
4.9999997831
4.9999997886
4.9999997941
4.9999997995
4.9999998049
4.9999998102
4.9999998154
4.9999998205
4.9999998255
4.9999998304
4.9999998352
4.9999998400
4.9999998447
4.9999998493
4.9999998539
4.9999998584
4.9999998628
4.9999998671
4.9999998714
4.9999998755
4.9999998796
4.9999998836
4.9999998876
4.9999998915
4.9999998953
4.9999998991
4.9999999029
4.9999999065
4.9999999099
4.9999999131
4.9999999163
4.9999999194
4.9999999225
4.9999999255
4.9999999286
4.9999999317
4.9999999347
4.9999999377
4.9999999407
4.9999999435
4.9999999459
4.9999999481
4.9999999501
4.9999999521
4.9999999542
4.9999999563
4.9999999585
4.9999999608
4.9999999631
4.9999999654
4.9999999677
4.9999999697
4.9999999712
4.9999999723
4.9999999732
4.9999999740
4.9999999749
4.9999999760
4.9999999773
4.9999999788
4.9999999805
4.9999999821
4.9999999837
4.9999999852
4.9999999858
4.9999999858
4.9999999854
4.9999999850
4.9999999847
4.9999999848
4.9999999851
4.9999999859
4.9999999869
4.9999999879
4.9999999889
4.9999999898
4.9999999896
4.9999999886
4.9999999869
4.9999999852
4.9999999836
4.9999999825
4.9999999819
4.9999999818
4.9999999822
4.9999999827
4.9999999832
4.9999999835
4.9999999826
4.9999999805
4.9999999776
4.9999999744
4.9999999715
4.9999999691
4.9999999675
4.9999999666
4.9999999663
4.9999999663
4.9999999663
4.9999999661
4.9999999647
4.9999999617
4.9999999574
4.9999999528
4.9999999483
4.9999999447
4.9999999420
4.9999999402
4.9999999393
4.9999999388
4.9999999383
4.9999999377
4.9999999359
4.9999999319
4.9999999264
4.9999999202
4.9999999142
4.9999999091
4.9999999052
4.9999999025
4.9999999010
4.9999999001
4.9999998992
4.9999998983
4.9999998961
4.9999998913
4.9999998846
4.9999998768
4.9999998692
4.9999998626
4.9999998574
4.9999998537
4.9999998515
4.9999998502
4.9999998490
4.9999998477
4.9999998453
4.9999998399
4.9999998319
4.9999998226
4.9999998132
4.9999998050
4.9999997984
4.9999997937
4.9999997908
4.9999997891
4.9999997876
4.9999997861
4.9999997836
4.9999997777
4.9999997685
4.9999997576
4.9999997465
4.9999997365
4.9999997284
4.9999997225
4.9999997189
4.9999997168
4.9999997151
4.9999997134
4.9999997108
4.9999997046
4.9999996944
4.9999996819
4.9999996689
4.9999996570
4.9999996474
4.9999996403
4.9999996358
4.9999996333
4.9999996315
4.9999996296
4.9999996271
4.9999996206
4.9999996096
4.9999995955
4.9999995806
4.9999995667
4.9999995554
4.9999995469
4.9999995415
4.9999995386
4.9999995366
4.9999995347
4.9999995322
4.9999995258
4.9999995140
4.9999994984
4.9999994815
4.9999994656
4.9999994524
4.9999994425
4.9999994360
4.9999994326
4.9999994306
4.9999994287
4.9999994263
4.9999994201
4.9999994077
4.9999993907
4.9999993718
4.9999993537
4.9999993384
4.9999993270
4.9999993194
4.9999993155
4.9999993133
4.9999993115
4.9999993092
4.9999993033
4.9999992905
4.9999992722
4.9999992513
4.9999992310
4.9999992136
4.9999992004
4.9999991915
4.9999991870
4.9999991848
4.9999991831
4.9999991809
4.9999991756
4.9999991626
4.9999991431
4.9999991202
4.9999990975
4.9999990778
4.9999990627
4.9999990525
4.9999990473
4.9999990450
4.9999990434
4.9999990415
4.9999990368
4.9999990239
4.9999990033
4.9999989784
4.9999989533
4.9999989312
4.9999989141
4.9999989024
4.9999988963
4.9999988939
4.9999988925
4.9999988908
4.9999988869
4.9999988742
4.9999988528
4.9999988260
4.9999987984
4.9999987737
4.9999987544
4.9999987411
4.9999987340
4.9999987314
4.9999987303
4.9999987290
4.9999987257
4.9999987136
4.9999986915
4.9999986630
4.9999986329
4.9999986055
4.9999985838
4.9999985687
4.9999985605
4.9999985576
4.9999985568
4.9999985558
4.9999985533
4.9999985420
4.9999985195
4.9999984893
4.9999984566
4.9999984265
4.9999984022
4.9999983852
4.9999983756
4.9999983725
4.9999983718
4.9999983714
4.9999983696
4.9999983595
4.9999983368
4.9999983050
4.9999982698
4.9999982367
4.9999982097
4.9999981906
4.9999981795
4.9999981759
4.9999981756
4.9999981757
4.9999981746
4.9999981657
4.9999981432
4.9999981101
4.9999980724
4.9999980362
4.9999980063
4.9999979849
4.9999979722
4.9999979680
4.9999979679
4.9999979686
4.9999979682
4.9999979608
4.9999979387
4.9999979044
4.9999978643
4.9999978251
4.9999977921
4.9999977681
4.9999977537
4.9999977487
4.9999977488
4.9999977501
4.9999977505
4.9999977447
4.9999977234
4.9999976882
4.9999976458
4.9999976034
4.9999975671
4.9999975404
4.9999975240
4.9999975180
4.9999975182
4.9999975202
4.9999975213
4.9999975173
4.9999974971
4.9999974613
4.9999974166
4.9999973710
4.9999973313
4.9999973016
4.9999972831
4.9999972759
4.9999972762
4.9999972788
4.9999972808
4.9999972785
4.9999972597
4.9999972236
4.9999971768
4.9999971280
4.9999970847
4.9999970519
4.9999970311
4.9999970224
4.9999970226
4.9999970259
4.9999970289
4.9999970283
4.9999970114
4.9999969752
4.9999969265
4.9999968745
4.9999968275
4.9999967913
4.9999967679
4.9999967575
4.9999967576
4.9999967616
4.9999967656
4.9999967665
4.9999967518
4.9999967160
4.9999966656
4.9999966105
4.9999965597
4.9999965198
4.9999964937
4.9999964813
4.9999964811
4.9999964857
4.9999964907
4.9999964932
4.9999964809
4.9999964459
4.9999963941
4.9999963359
4.9999962812
4.9999962375
4.9999962083
4.9999961938
4.9999961931
4.9999961983
4.9999962044
4.9999962083
4.9999961988
4.9999961649
4.9999961121
4.9999960508
4.9999959921
4.9999959444
4.9999959119
4.9999958951
4.9999958935
4.9999958993
4.9999959066
4.9999959119
4.9999959053
4.9999958731
4.9999958194
4.9999957554
4.9999956926
4.9999956406
4.9999956046
4.9999955852
4.9999955825
4.9999955888
4.9999955972
4.9999956039
4.9999956003
4.9999955702
4.9999955161
4.9999954493
4.9999953825
4.9999953261
4.9999952862
4.9999952641
4.9999952600
4.9999952666
4.9999952761
4.9999952843
4.9999952838
4.9999952561
4.9999952020
4.9999951328
4.9999950619
4.9999950009
4.9999949569
4.9999949318
4.9999949260
4.9999949328
4.9999949435
4.9999949532
4.9999949556
4.9999949309
4.9999948772
4.9999948059
4.9999947310
4.9999946652
4.9999946168
4.9999945885
4.9999945805
4.9999945874
4.9999945993
4.9999946105
4.9999946157
4.9999945945
4.9999945417
4.9999944684
4.9999943896
4.9999943189
4.9999942659
4.9999942341
4.9999942237
4.9999942304
4.9999942434
4.9999942563
4.9999942641
4.9999942467
4.9999941953
4.9999941205
4.9999940378
4.9999939622
4.9999939043
4.9999938686
4.9999938554
4.9999938616
4.9999938757
4.9999938903
4.9999939007
4.9999938875
4.9999938381
4.9999937621
4.9999936758
4.9999935950
4.9999935320
4.9999934922
4.9999934759
4.9999934814
4.9999934964
4.9999935128
4.9999935254
4.9999935168
4.9999934699
4.9999933931
4.9999933033
4.9999932175
4.9999931490
4.9999931047
4.9999930851
4.9999930895
4.9999931054
4.9999931235
4.9999931384
4.9999931344
4.9999930906
4.9999930136
4.9999929205
4.9999928295
4.9999927555
4.9999927063
4.9999926832
4.9999926861
4.9999927027
4.9999927225
4.9999927396
4.9999927404
4.9999927002
4.9999926235
4.9999925274
4.9999924313
4.9999923515
4.9999922972
4.9999922703
4.9999922712
4.9999922884
4.9999923098
4.9999923291
4.9999923346
4.9999922987
4.9999922227
4.9999921240
4.9999920229
4.9999919370
4.9999918773
4.9999918463
4.9999918448
4.9999918623
4.9999918855
4.9999919069
4.9999919169
4.9999918858
4.9999918113
4.9999917103
4.9999916043
4.9999915123
4.9999914467
4.9999914114
4.9999914069
4.9999914245
4.9999914493
4.9999914730