0.00000000000000
0.24390930133409
0.48876115332081
0.73419909887924
0.98025697599898
1.22685801811058
1.47385866781035
1.72111915261879
1.96850349067320
2.21589447182924
2.46320204285069
2.71037541120386
2.95740403227418
3.20431438648683
3.45116107525491
3.69801612852350
3.94495727107928
4.19205708201280
4.43937416334029
4.68694719102489
4.93479226475636
5.18290343177809
5.43125592147898
5.67981127861606
5.92852347877617
6.17734509473964
6.42623273371446
6.67515117893101
6.92407592928644
7.17299407808619
7.42190368321127
7.67081193609540
7.91973252998473
8.16868266088675
8.41768007339411
8.66674049857655
8.91587573454164
9.16509250679133
9.41439213032006
9.66377089301711
9.91322100189632
10.16273188711970
10.41229164557200
10.66188842275630
10.91151157204580
11.16115248472180
11.41080504324150
11.66046570535360
11.91013327162190
12.15980841967890
12.40949310365420
12.65918991742710
12.90890150804830
13.15863010442380
13.40837720026590
13.65814340348750
13.90792844024100
14.15773128335790
14.40755036361080
14.65738381836900
14.90722973517540
15.15708635605340
15.40695221996080
15.65682623363610
15.90670767316580
16.15659612839350
16.40649140879050
16.65639343222230
16.90630211731960
17.15621729653960
17.40613866139470
17.65606574480830
17.90599793918700
18.15593454344550
18.40587482852730
18.65581810923520
18.90576381042600
19.15571151756590
19.40566100481020
19.65561223759230
19.90556535057310
20.15552060518660
20.40547833350710
20.65543887651670
20.90540252500380
21.15536947037860
21.40533977087180
21.65531333622990
21.90528993147110
22.15526919787870
22.40525068746550
22.65523390583800
22.90521835782890
23.15520359043470
23.40518922840120
23.65517499907490
23.90516074468670
24.15514642183210
24.40513208937750
24.65511788719110
24.90510400886540
25.15509067193200
25.40507808896670
25.65506644251870
25.90505586605760
26.15504643223640
26.40503814883930
26.65503096192360
26.90502476496380
27.15501941232560
27.40501473515400
27.65501055775690
27.90500671276280
28.15500305369270
28.40499946402870
28.65499586235320
28.90499220358460
29.15498847672890
29.40498469985210
29.65498091315170
29.90497717105910
30.15497353426000
30.40497006238470
30.65496680794160
30.90496381185050
31.15496110072400
31.40495868585840
31.65495656373880
31.90495471776380
32.15495312083310
32.40495173843170
32.65495053186670
32.90494946136560
33.15494848881020
33.40494757995430
33.65494670604520
33.90494584482780
34.15494498096310
34.40494410592630
34.65494321747290
34.90494231877240
35.15494141731090
35.40494052366010
35.65493965020090
35.90493880988120
36.15493801507410
36.40493727659220
36.65493660290140
36.90493599956400
37.15493546892870
37.40493501007030
37.65493461896870
37.90493428890090
38.15493401100920
38.40493377499620
38.65493356988970
38.90493338481880
39.15493320974010
39.40493303606290
39.65493285712630
39.90493266850020
40.15493246809470
40.40493225607840
40.65493203462340
40.90493180750970
41.15493157962750
41.40493135642850
41.65493114337370
41.90493094542540
42.15493076662370
42.40493060977620
42.65493047628100
42.90493036608500
43.15493027777320
43.40493020876840
43.65493015561570
43.90493011431950
44.15493008069960
44.40493005073270
44.65493002085200
44.90492998818120
45.15492995069060
45.40492990726620
45.65492985769620
45.90492980258340
46.15492974319690
46.40492968128360
46.65492961885870
46.90492955799500
47.15492950062980
47.40492944840340
47.65492940254010
47.90492936377760
48.15492933234390
48.40492930798190
48.65492929001060
48.90492927741750
49.15492926896790
49.40492926332270
49.65492925915230
49.90492925523830
50.15492925055550
50.40492924433000
50.65492923607080
50.90492922557550
51.15492921291190
51.40492919838040
51.65492918246130
51.90492916575420
52.15492914891310
52.40492913258590
52.65492911735900
52.90492910371430
53.15492909199840
53.40492908240610
53.65492907497780
53.90492906960970
54.15492906607440
54.40492906404940
54.65492906315020
54.90492906296600
55.15492906309270
55.40492906316300
55.65492906287120
55.90492906198930
56.15492906037700
56.40492905798340
56.65492905484060
56.90492905105300
57.15492904678040
57.40492904221960
57.65492903758410
57.90492903308460
58.15492902891170
58.40492902522210
58.65492902212830
58.90492901969320
59.15492901792920
59.40492901680140
59.65492901623450
59.90492901612190
60.15492901633700
60.40492901674480
60.65492901721320
60.90492901762330
61.15492901787690
61.40492901790260
61.65492901765880
61.90492901713350
62.15492901634290
62.40492901532660
62.65492901414220
62.90492901285860
63.15492901154930
63.40492901028560
63.65492900913100
63.90492900813620
64.15492900733680
64.40492900675110
64.65492900638000
64.90492900620940
65.15492900621140
65.40492900634870
65.65492900657820
65.90492900685470
66.15492900713520
66.40492900738170
66.65492900756370
66.90492900766020
67.15492900766020
67.40492900756250
67.65492900737510
67.90492900711300
68.15492900679710
68.40492900645090
68.65492900609920
68.90492900576520
69.15492900546910
69.40492900522680
69.65492900504860
69.90492900493930
70.15492900489790
70.40492900491870
70.65492900499180
70.90492900510460
71.15492900524240
71.40492900539090
71.65492900553610
71.90492900566640
72.15492900577230
72.40492900584800
72.65492900589070
72.90492900590060
73.15492900588110
73.40492900583760
73.65492900577730
73.90492900570800
74.15492900563780
74.40492900557420
74.65492900552370
74.90492900549100
75.15492900547930
75.40492900548970
75.65492900552170
75.90492900557310
76.15492900564040
76.40492900571940
76.65492900580530
76.90492900589340
77.15492900597930
77.40492900605930
77.65492900613050
77.90492900619130
78.15492900624080
78.40492900627950
78.65492900630850
78.90492900632990
79.15492900634600
79.40492900635950
79.65492900637300
79.90492900638900
80.15492900640960
80.40492900643600
80.65492900646940
80.90492900651000
81.15492900655750
81.40492900661110
81.65492900666960
81.90492900673150
82.15492900679540
82.40492900685960
82.65492900692270
82.90492900698350
83.15492900704120
83.40492900709530
83.65492900714560
83.90492900719230
84.15492900723590
84.40492900727700
84.65492900731660
84.90492900735540
85.15492900739440
85.40492900743430
85.65492900747580
85.90492900751930
86.15492900756510
86.40492900761320
86.65492900766360
86.90492900771590
87.15492900776960
87.40492900782440
87.65492900787960
87.90492900793480
88.15492900798960
88.40492900804360
88.65492900809640
88.90492900814800
89.15492900819840
89.40492900824750
89.65492900829580
89.90492900834320
90.15492900839000
90.40492900843670
90.65492900848340
90.90492900853070
91.15492900857850
91.40492900862690
91.65492900867610
91.90492900872600
92.15492900877670
92.40492900882800
92.65492900887960
92.90492900893170
93.15492900898400
93.40492900903640
93.65492900908810
93.90492900913970
94.15492900919090
94.40492900924180
94.65492900929210
94.90492900934220
95.15492900939170
95.40492900944130
95.65492900949080
95.90492900954030
96.15492900958980
96.40492900963930
96.65492900968880
96.90492900973870
97.15492900978890
97.40492900983910
97.65492900988970
97.90492900994070
98.15492900999160
98.40492901004250
98.65492901009350
98.90492901014440
99.15492901019530
99.40492901024630
99.65492901029720
99.90492901034770
100.15492901039800
100.40492901044800
100.65492901049800
100.90492901054900
101.15492901059900
101.40492901064900
101.65492901069900
101.90492901074900
102.15492901080000
102.40492901085000
102.65492901090000
102.90492901095000
103.15492901100100
103.40492901105100
103.65492901110200
103.90492901115300
104.15492901120400
104.40492901125500
104.65492901130600
104.90492901135600
105.15492901140600
105.40492901145700
105.65492901150700
105.90492901155700
106.15492901160700
106.40492901165800
106.65492901170800
106.90492901175800
107.15492901180800
107.40492901185800
107.65492901190900
107.90492901195900
108.15492901200900
108.40492901205900
108.65492901211000
108.90492901216000
109.15492901221000
109.40492901226000
109.65492901231000
109.90492901236100
110.15492901241100
110.40492901246100
110.65492901251100
110.90492901256200
111.15492901261200
111.40492901266200
111.65492901271200
111.90492901276200
112.15492901281300
112.40492901286300
112.65492901291300
112.90492901296300
113.15492901301400
113.40492901306400
113.65492901311400
113.90492901316400
114.15492901321400
114.40492901326500
114.65492901331500
114.90492901336500
115.15492901341500
115.40492901346600
115.65492901351600
115.90492901356600
116.15492901361600
116.40492901366600
116.65492901371700
116.90492901376700
117.15492901381700
117.40492901386700
117.65492901391800
117.90492901396800
118.15492901401800
118.40492901406800
118.65492901411800
118.90492901416900
119.15492901421900
119.40492901426900
119.65492901431900
119.90492901436900
120.15492901442000
120.40492901447000
120.65492901452000
120.90492901457000
121.15492901462100
121.40492901467100
121.65492901472100
121.90492901477100
122.15492901482100
122.40492901487200
122.65492901492200
122.90492901497200
123.15492901502200
123.40492901507300
123.65492901512300
123.90492901517300
124.15492901522300
124.40492901527300
124.65492901532400
124.90492901537400
125.15492901542400
125.40492901547400
125.65492901552500
125.90492901557500
126.15492901562500
126.40492901567500
126.65492901572500
126.90492901577600
127.15492901582600
127.40492901587600
127.65492901592600
127.90492901597700
128.15492901602700
128.40492901607800
128.65492901612900
128.90492901618000
129.15492901623100
129.40492901628200
129.65492901633300
129.90492901638400
130.15492901643500
130.40492901648600
130.65492901653700
130.90492901658700
131.15492901663800
131.40492901668900
131.65492901674000
131.90492901679100
132.15492901684200
132.40492901689300
132.65492901694400
132.90492901699500
133.15492901704600
133.40492901709700
133.65492901714800
133.90492901719900
134.15492901725000
134.40492901730100
134.65492901735100
134.90492901740200
135.15492901745300
135.40492901750400
135.65492901755500
135.90492901760600
136.15492901765700
136.40492901770800
136.65492901775900
136.90492901781000
137.15492901786100
137.40492901791200
137.65492901796300
137.90492901801400
138.15492901806400
138.40492901811500
138.65492901816600
138.90492901821700
139.15492901826800
139.40492901831900
139.65492901837000
139.90492901842100
140.15492901847200
140.40492901852300
140.65492901857400
140.90492901862500
141.15492901867600
141.40492901872700
141.65492901877800
141.90492901882800
142.15492901887900
142.40492901893000
142.65492901898100
142.90492901903200
143.15492901908300
143.40492901913400
143.65492901918500
143.90492901923600
144.15492901928700
144.40492901933800
144.65492901938900
144.90492901944000
145.15492901949100
145.40492901954200
145.65492901959200
145.90492901964300
146.15492901969400
146.40492901974500
146.65492901979600
146.90492901984700
147.15492901989800
147.40492901994900
147.65492902000000
147.90492902005100
148.15492902010200
148.40492902015300
148.65492902020400
148.90492902025500
149.15492902030500
149.40492902035600
149.65492902040700
149.90492902045800
150.15492902050900
150.40492902056000
150.65492902061100
150.90492902066200
151.15492902071300
151.40492902076400
151.65492902081500
151.90492902086600
152.15492902091700
152.40492902096800
152.65492902101900
152.90492902106900
153.15492902112000
153.40492902117100
153.65492902122200
153.90492902127300
154.15492902132400
154.40492902137500
154.65492902142600
154.90492902147700
155.15492902152800
155.40492902157900
155.65492902163000
155.90492902168100
156.15492902173200
156.40492902178300
156.65492902183300
156.90492902188400
157.15492902193500
157.40492902198600
157.65492902203700
157.90492902208800
158.15492902213900
158.40492902219000
158.65492902224100
158.90492902229200
159.15492902234300
159.40492902239400
159.65492902244500
159.90492902249600
160.15492902254600
160.40492902259700
160.65492902264800
160.90492902269900
161.15492902275000
161.40492902280100
161.65492902285200
161.90492902290300
162.15492902295400
162.40492902300500
162.65492902305600
162.90492902310700
163.15492902315800
163.40492902320900
163.65492902326000
163.90492902331000
164.15492902336100
164.40492902341200
164.65492902346300
164.90492902351400
165.15492902356500
165.40492902361600
165.65492902366700
165.90492902371800
166.15492902376900
166.40492902382000
166.65492902387100
166.90492902392200
167.15492902397300
167.40492902402400
167.65492902407400
167.90492902412500
168.15492902417600
168.40492902422700
168.65492902427800
168.90492902432900
169.15492902438000
169.40492902443100
169.65492902448200
169.90492902453300
170.15492902458400
170.40492902463500
170.65492902468600
170.90492902473700
171.15492902478700
171.40492902483800
171.65492902488900
171.90492902494000
172.15492902499100
172.40492902504200
172.65492902509300
172.90492902514400
173.15492902519500
173.40492902524600
173.65492902529700
173.90492902534800
174.15492902539900
174.40492902545000
174.65492902550100
174.90492902555100
175.15492902560200
175.40492902565300
175.65492902570400
175.90492902575500
176.15492902580600
176.40492902585700
176.65492902590800
176.90492902595900
177.15492902601000
177.40492902606100
177.65492902611200
177.90492902616300
178.15492902621400
178.40492902626400
178.65492902631500
178.90492902636600
179.15492902641700
179.40492902646800
179.65492902651900
179.90492902657000
180.15492902662100
180.40492902667200
180.65492902672300
180.90492902677400
181.15492902682500
181.40492902687600
181.65492902692700
181.90492902697800
182.15492902702800
182.40492902707900
182.65492902713000
182.90492902718100
183.15492902723200
183.40492902728300
183.65492902733400
183.90492902738500
184.15492902743600
184.40492902748700
184.65492902753800
184.90492902758900
185.15492902764000
185.40492902769100
185.65492902774200
185.90492902779200
186.15492902784300
186.40492902789400
186.65492902794500
186.90492902799600
187.15492902804700
187.40492902809800
187.65492902814900
187.90492902820000
188.15492902825100
188.40492902830200
188.65492902835300
188.90492902840400
189.15492902845500
189.40492902850500
189.65492902855600
189.90492902860700
190.15492902865800
190.40492902870900
190.65492902876000
190.90492902881100
191.15492902886200
191.40492902891300
191.65492902896400
191.90492902901500
192.15492902906600
192.40492902911700
192.65492902916800
192.90492902921900
193.15492902926900
193.40492902932000
193.65492902937100
193.90492902942200
194.15492902947300
194.40492902952400
194.65492902957500
194.90492902962600
195.15492902967700
195.40492902972800
195.65492902964300
195.90492902862600
196.15492902526600
196.40492901673400
196.65492899799200
196.90492896166000
197.15492889568700
197.40492878427900
197.65492860553300
197.90492833049200
198.15492792533500
198.40492734528500
198.65492654081700
198.90492545319500
199.15492401280700
199.40492214812800
199.65491977134100
199.90491679220600
200.15491311396000
200.40490862339900
200.65490321966400
200.90489678385100
201.15488918857000
201.40488032249000
201.65487003510900
201.90485820038800
202.15484468073600
202.40482931429100
202.65481198202100
202.90479251854300
203.15477078019500
203.40474664292500
203.65471993368900
203.90469053637000
204.15465831185200
204.40462310461200
204.65458481463500
204.90454329490800
205.15449842212200
205.40445009998600
205.65439818794100
205.90434259032900
206.15428321478000
206.40421993818900
206.65415268117200
206.90408135988300
207.15400587101600
207.40392614720700
207.65384211649500
207.90375368994200
208.15366081632700
208.40356343658700
208.65346147027000
208.90335488768500
209.15324363988900
209.40312765519600
209.65300692784400
209.90288141345600
210.15275105460400
210.40261586918300
210.65247581242900
210.90233084679300
211.15218101174100
211.40202626040600
211.65186657794500
211.90170202094100
212.15153254350700
212.40135815315500
212.65117891950000
212.90099480001800
213.15080582247400
213.40061206479700
213.65041349096100
213.90021014489600
214.15000211007400
214.39978935936700
214.64957194952900
214.89934996725200
215.14912339491100
215.39889229842600
215.64865676666900
215.89841679213900
216.14817244585400
216.39792381995400
216.64767091730300
216.89741381188500
217.14715259808700
217.39688728984100
217.64661796155200
217.89634470957000
218.14606755933300
218.39578658370100
218.64550188030400
218.89521348654200
219.14492147224800
219.39462593520800
219.64432692471400
219.89402450673300
220.14371877789500
220.39340979847000
220.64309763117700
220.89278236942600
221.14246408262000
221.39214283090300
221.64181870427100
221.89149177802400
222.14116211269200
222.39082979347800
222.64049489809000
222.89015748954800
223.13981764857100
223.38947545185600
223.63913096726500
223.88878427082400
224.13843543604100
224.38808453570300
224.63773164250800
224.88737682600900
225.13702016181500
225.38666172162400
225.63630157119100
225.88593978500800
226.13557643645100
226.38521158892500
226.63484531230200
226.88447768265200
227.13410876270100
227.38373861634000
227.63336731992900
227.88299493837000
228.13262153009300
228.38224716734400
228.63187191995100
228.88149584285400
229.13111900027900
229.38074146710100
229.63036329786000
229.87998454829400
230.12960529343400
230.37922559168100
230.62884549275800
230.87846506429400
231.12808437247800
231.37770346473400
231.62732239617900
231.87694123996900
232.12656004560200
232.37617885727000
232.62579774626000
232.87541676979300
233.12503596692500
233.37465539587100
233.62427512524100
233.87389519504200
234.12351564654000
234.37313655395100
234.62275796461600
234.87237990917400
235.12200245193600
235.37162565539800
235.62124955680100
235.87087420779300
236.12049969289600
236.37012605402600
236.61975331791900
236.86938156160400
237.11901083844700
237.36864116606200
237.61827259344100
237.86790519656500
238.11753900008100
238.36717402285700
238.61681035077800
238.86644802599800
239.11608705464200
239.36572749762000
239.61536942530800
239.86501284937400
240.11465778750700
240.36430433075000
240.61395250857800
240.86360231420900
241.11325381963900
241.36290708643400
241.61256211213500
241.86221891590200
242.11187759011500
242.36153815237100
242.61120058499200
242.86086496834900
243.11053135602700
243.36019973135000
243.60987011620600
243.85954260301100
244.10921719912900
244.35889387816600
244.60857272605900
244.85825379124400
245.10793704511400
245.35762251023200
245.60731027994100
245.85700035378600
246.10669269754300
246.35638739967100
246.60608450686200
246.85578398074400
247.10548584058400
247.35519018205400
247.60489699901000
247.85460624936700
248.10431802021600
248.35403235982200
248.60374922179400
248.85346861764600
249.10319064605800
249.35291529890600
249.60264252472900
249.85237240430200
250.10210499157700
250.35184023493900
250.60157813218400
250.85131878524600
251.10106218793000
251.35080827958700
251.60055712911900
251.85030880008000
252.10006323852800
252.34982042522300
252.59958046273600
252.84934335219600
253.09910902434300
253.34887752955400
253.59864894374200
253.84842321419300
254.09820030331800
254.34798030833300
254.59776324325900
254.84754903265400
255.09733770213100
255.34712933992300
255.59692389973000
255.84672132543500
256.09652170015300
256.34632505610900
256.59613131507500
256.84594047406000
257.09575262888400
257.34556774589900
257.59538575363800
257.84520671062700
258.09503067100400
258.34485755816200
258.59468734011600
258.84452010998000
259.09435585481700
259.34419449131000
259.59403604517400
259.84388059086000
260.09372806003800
260.34357839566100
260.59343167362500
260.84328790751400
261.09314700894600
261.34300896743500
261.59287386814100
261.84274165978400
262.09261226628400
262.34248573209300
262.59236209989800
262.84224128246600
263.09212323630900
263.34200804048300
263.59189567099600
263.84178603812300
264.09167914715200
264.34157506278600
264.59147370842300
264.84137501587300
265.09127903839100
265.34118578457600
265.59109515943900
265.84100712989100
266.09092176589100
266.34083901290000
266.59075878495800
266.84068109640000
267.09060598465900
267.34053335887000
267.59046315648300
267.84039542970900
268.09033015515100
268.34026723693700
268.59020664833800
268.84014844089000
269.09009253876600
269.34003885936900
269.58998741909300
269.83993822609300
270.08989118242400
270.33984622881400
270.58980340704100
270.83976266732400
271.08972391489500
271.33968712514500
271.58965232470200
271.83961942424700
272.08958834359100
272.33955909359100
272.58953165307000
272.83950592233200
273.08948184320700
273.33945943835900
273.58943863749900
273.83941934764500
274.08940154124600
274.33938521576400
274.58937027452800
274.83935658416800
275.08934400205700
275.33933250903100
275.58932201573000
275.83931244626000
276.08930371355100
276.33929571079900
276.58928835105100
276.83928172100700
277.08927592727600
277.33927072677900
277.58926601239600
277.83926166984100
278.08925758358900
278.33925367093700
278.58924988412600
278.83924618575600
279.08924253768300
279.33923892091900
279.58923531506600
279.83923169465500
280.08922803202400
280.33922430610400
280.58922049507800
280.83921657999300
281.08921254572500
281.33920838089500
281.58920407749900
281.83919962876700
282.08919503050900
282.33919028427700
282.58918539189900
282.83918035670400
283.08917518332000
283.33916987745800
283.58916444587300
283.83915889635100
284.08915323764600
284.33914747936100
284.58914163179600
284.83913570578300
285.08912971251300
285.33912366336500
285.58911756973300
285.83911144287900
286.08910529380300
286.33909913314100
286.58909297109400
286.83908681737900
287.08908068120400
287.33907457126400
287.58906849574600
287.83906246235600
288.08905647833800
288.33905055050900
288.58904468528100
288.83903888868200
289.08903316636800
289.33902752363200
289.58902196540400
289.83901649624900
290.08901112035800
290.33900584154700
290.58900066324900
290.83899558851700
291.08899062002400
291.33898576007200
291.58898101060500
291.83897637321700
292.08897184917600
292.33896743943600
292.58896314465700
292.83895896522300
293.08895490125500
293.33895095263200
293.58894711899700
293.83894339977300
294.08893979417800
294.33893630123000
294.58893291976600
294.83892964844800
295.08892648578100
295.33892343012400
295.58892047970500
295.83891763264000
296.08891488694000
296.33891224053500
296.58890969128000
296.83890723697600
297.08890487537300
297.33890260418700
297.58890042111100
297.83889832382100
298.08889630998600
298.33889437727000
298.58889252333800
298.83889074585900
299.08888904250800
299.33888741097400
299.58888584895500
299.83888435417200
300.08888292436800
300.33888155731300
300.58888025080700
300.83887900268700
301.08887781082700
301.33887667314200
301.58887558759200
301.83887455218200
302.08887356496800
302.33887262405100
302.58887172758500
302.83887087377700
303.08887006088200
303.33886928720800
303.58886855111300
303.83886785100600
304.08886718534600
304.33886655264300
304.58886595145600
304.83886538039100
305.08886483810400
305.33886432329700
305.58886383472000
305.83886337116600
306.08886293147800
306.33886251453800
306.58886211927600
306.83886174466200
307.08886138970700
307.33886105346500
307.58886073502700
307.83886043352200
308.08886014811800
308.33885987801800
308.58885962245800
308.83885938071000
309.08885915207800
309.33885893589700
309.58885873153200
309.83885853837700
310.08885835585400
310.33885818341200
310.58885802052700
310.83885786669700
311.08885772144600
311.33885758432100
311.58885745489000
311.83885733274100
312.08885721748500
312.33885710874900
312.58885700618100
312.83885690944600
313.08885681822500
313.33885673221700
313.58885665113500
313.83885657470700
314.08885650267700
314.33885643480000
314.58885637084500
314.83885631059400
315.08885625384000
315.33885620038600
315.58885615004600
315.83885610264600
316.08885605801800
316.33885601600600
316.58885597646000
316.83885593924000
317.08885590421300
317.33885587125200
317.58885584023900
317.83885581106100
318.08885578361200
318.33885575779200
318.58885573350600
318.83885571066500
319.08885568918500
319.33885566898600
319.58885564999300
319.83885563213600
320.08885561534800
320.33885559956700
320.58885558473300
320.83885557079000
321.08885555768700
321.33885554537300
321.58885553380100
321.83885552292900
322.08885551271400
322.33885550311700
322.58885549410200
322.83885548563300
323.08885547767900
323.33885547020800
323.58885546319100
323.83885545660100
324.08885545041300
324.33885544460200
324.58885543914600
324.83885543402400
325.08885542921500
325.33885542470100
325.58885542046300
325.83885541648600
326.08885541275300
326.33885540925000
326.58885540596300
326.83885540287900
327.08885539998500
327.33885539727100
327.58885539472400
327.83885539233600
328.08885539009700
328.33885538799700
328.58885538602800
328.83885538418100
329.08885538245100
329.33885538082900
329.58885537930900
329.83885537788400
330.08885537655000
330.33885537529900
330.58885537412800
330.83885537303200
331.08885537200600
331.33885537104500
331.58885537014600
331.83885536930500
332.08885536851800
332.33885536778200
332.58885536709400
332.83885536645200
333.08885536585100
333.33885536529100
333.58885536476800
333.83885536427900
334.08885536382400
334.33885536339900
334.58885536300400
334.83885536263600
335.08885536229300
335.33885536197400
335.58885536167800
335.83885536140300
336.08885536114800
336.33885536091100
336.58885536069200
336.83885536049000
337.08885536030200
337.33885536013000
337.58885535997100
337.83885535982400
338.08885535969000
338.33885535956700
338.58885535945500
338.83885535935200
339.08885535925900
339.33885535917500
339.58885535909900
339.83885535903000
340.08885535896900
340.33885535891500
340.58885535886700
340.83885535882500
341.08885535878900
341.33885535875800
341.58885535873200
341.83885535871000
342.08885535869300
342.33885535868000
342.58885535867100
342.83885535866600
343.08885535866400
343.33885535866500
343.58885535867000
343.83885535867700
344.08885535868600
344.33885535869900
344.58885535871300
344.83885535873000
345.08885535874900
345.33885535876900
345.58885535879200
345.83885535881600
346.08885535884200
346.33885535887000
346.58885535889800
346.83885535892800
347.08885535895900
347.33885535899200
347.58885535902600
347.83885535906000
348.08885535909600
348.33885535913300
348.58885535916900
348.83885535920800
349.08885535924700
349.33885535928700
349.58885535932600
349.83885535936700
350.08885535940900
350.33885535945200
350.58885535949400
350.83885535953600
351.08885535957900
351.33885535962300
351.58885535966900
351.83885535971400
352.08885535975900
352.33885535980400
352.58885535985000
352.83885535989500
353.08885535994000
353.33885535998500
353.58885536003300
353.83885536008100
354.08885536012900
354.33885536017700
354.58885536022500
354.83885536027300
355.08885536032200
355.33885536037000
355.58885536041800
355.83885536046600
356.08885536051400
356.33885536056200
356.58885536061000
356.83885536065800
357.08885536070600
357.33885536075400
357.58885536080200
357.83885536085000
358.08885536089900
358.33885536094700
358.58885536099500
358.83885536104300
359.08885536109400
359.33885536114500
359.58885536119600
359.83885536124600
360.08885536129700
360.33885536134800
360.58885536139900
360.83885536145000
361.08885536150100
361.33885536155200
361.58885536160300
361.83885536165400
362.08885536170500
362.33885536175600
362.58885536180700
362.83885536185800
363.08885536190900
363.33885536196000
363.58885536201000
363.83885536206100
364.08885536211200
364.33885536216300
364.58885536221400
364.83885536226500
365.08885536231600
365.33885536236700
365.58885536241800
365.83885536246900
366.08885536252000
366.33885536257100
366.58885536262200
366.83885536267300
367.08885536272300
367.33885536277400
367.58885536282500
367.83885536287600
368.08885536292700
368.33885536297800
368.58885536302900
368.83885536308000
369.08885536313100
369.33885536318200
369.58885536323300
369.83885536328400
370.08885536333500
370.33885536338600
370.58885536343700
370.83885536348700
371.08885536353800
371.33885536358900
371.58885536364000
371.83885536369100
372.08885536374200
372.33885536379300
372.58885536384400
372.83885536389500
373.08885536394600
373.33885536399700
373.58885536404800
373.83885536409900
374.08885536415000
374.33885536420000
374.58885536425100
374.83885536430200
375.08885536435300
375.33885536440400
375.58885536445500
375.83885536450600
376.08885536455700
376.33885536460800
376.58885536465900
376.83885536471000
377.08885536476100
377.33885536481200
377.58885536486300
377.83885536491400
378.08885536496400
378.33885536501500
378.58885536506600
378.83885536511700
379.08885536516800
379.33885536521900
379.58885536527000
379.83885536532100
380.08885536537200
380.33885536542300
380.58885536547400
380.83885536552500
381.08885536557600
381.33885536562700
381.58885536567800
381.83885536572800
382.08885536577900
382.33885536583000
382.58885536588100
382.83885536593200
383.08885536598300
383.33885536603400
383.58885536608500
383.83885536613600
384.08885536618700
384.33885536623800
384.58885536628900
384.83885536634000
385.08885536639100
385.33885536644100
385.58885536649200
385.83885536654300
386.08885536659400
386.33885536664500
386.58885536669600
386.83885536674700
387.08885536679800
387.33885536684900
387.58885536690000
387.83885536695100
388.08885536700200
388.33885536705300
388.58885536710400
388.83885536715500
389.08885536720500
389.33885536725600
389.58885536730700
389.83885536735800
390.08885536740900
390.33885536746000
390.58885536751100
390.83885536756200
391.08885536761300
391.33885536766400
391.58885536771500
391.83885536776600
392.08885536781700
392.33885536786800
392.58885536791900
392.83885536796900
393.08885536802000
393.33885536807100
393.58885536812200
393.83885536817300
394.08885536822400
394.33885536827500
394.58885536832600
394.83885536837700
395.08885536842800
395.33885536847900
395.58885536853000
395.83885536858100
396.08885536863200
396.33885536868200
396.58885536873300
396.83885536878400
397.08885536883500
397.33885536888600
397.58885536893700
397.83885536898800
398.08885536903900
398.33885536909000
398.58885536914100
398.83885536919200
399.08885536924300
399.33885536929400
399.58885536934500
399.83885536939600
400.08885536944600
400.33885536949700
400.58885536954800
400.83885536959900
401.08885536965000
401.33885536970100
401.58885536975200
401.83885536980300
402.08885536985400
402.33885536990500
402.58885536995600
402.83885537000700
403.08885537005800
403.33885537010900
403.58885537016000
403.83885537021000
404.08885537026100
404.33885537031200
404.58885537036300
404.83885537041400
405.08885537046500
405.33885537051600
405.58885537056700
405.83885537061800
406.08885537066900
406.33885537072000
406.58885537077100
406.83885537082200
407.08885537087300
407.33885537092300
407.58885537097400
407.83885537102500
408.08885537107600
408.33885537112700
408.58885537117800
408.83885537122900
409.08885537128000
409.33885537133100
409.58885537138200
409.83885537143300
410.08885537148400
410.33885537153500
410.58885537158600
410.83885537163700
411.08885537168700
411.33885537173800
411.58885537178900
411.83885537184000
412.08885537189100
412.33885537194200
412.58885537199300
412.83885537204400
413.08885537209500
413.33885537214600
413.58885537219700
413.83885537224800
414.08885537229900
414.33885537235000
414.58885537240100
414.83885537245100
415.08885537250200
415.33885537255300
415.58885537260400
415.83885537265500
416.08885537270600
416.33885537275700
416.58885537280800
416.83885537285900
417.08885537291000
417.33885537296100
417.58885537301200
417.83885537306300
418.08885537311400
418.33885537316400
418.58885537321500
418.83885537326600
419.08885537331700
419.33885537336800
419.58885537341900
419.83885537347000
420.08885537352100
420.33885537357200
420.58885537362300
420.83885537367400
421.08885537372500
421.33885537377600
421.58885537382700
421.83885537387800
422.08885537392800
422.33885537397900
422.58885537403000
422.83885537408100
423.08885537413200
423.33885537418300
423.58885537423400
423.83885537428500
424.08885537433600
424.33885537438700
424.58885537443800
424.83885537448900
425.08885537454000
425.33885537459100
425.58885537464100
425.83885537469200
426.08885537474300
426.33885537479400
426.58885537484500
426.83885537489600
427.08885537494700
427.33885537499800
427.58885537504900
427.83885537510000
428.08885537515100
428.33885537520200
428.58885537525300
428.83885537530400
429.08885537535500
429.33885537540500
429.58885537545600
429.83885537550700
430.08885537555800
430.33885537560900
430.58885537566000
430.83885537571100
431.08885537576200
431.33885537581300
431.58885537586400
431.83885537591500
432.08885537596600
432.33885537601700
432.58885537606800
432.83885537611900
433.08885537616900
433.33885537622000
433.58885537627100
433.83885537632200
434.08885537637300
434.33885537642400
434.58885537647500
434.83885537652600
435.08885537657700
435.33885537662800
435.58885537667900
435.83885537673000
436.08885537678100
436.33885537683200
436.58885537688200
436.83885537693300
437.08885537698400
437.33885537703500
437.58885537708600
437.83885537713700
438.08885537718800
438.33885537723900
438.58885537729000
438.83885537734100
439.08885537739200
439.33885537744300
439.58885537749400
439.83885537754500
440.08885537759600
440.33885537764600
440.58885537769700
440.83885537774800
441.08885537779900
441.33885537785000
441.58885537790100
441.83885537795200
442.08885537800300
442.33885537805400
442.58885537810500
442.83885537815600
443.08885537820700
443.33885537825800
443.58885537830900
443.83885537836000
444.08885537841000
444.33885537846100
444.58885537851200
444.83885537856300
445.08885537861400
445.33885537866500
445.58885537871600
445.83885537876700
446.08885537881800
446.33885537886900
446.58885537892000
446.83885537897100
447.08885537902200
447.33885537907300
447.58885537912300
447.83885537917400
448.08885537922500
448.33885537927600
448.58885537932700
448.83885537937800
449.08885537942900
449.33885537948000
449.58885537953100
449.83885537958200
450.08885537963300
450.33885537968400
450.58885537973500
450.83885537978600
451.08885537983700
451.33885537988700
451.58885537993800
451.83885537998900
452.08885538004000
452.33885538009100
452.58885538014200
452.83885538019300
453.08885538024400
453.33885538029500
453.58885538034600
453.83885538039700
454.08885538044800
454.33885538049900
454.58885538055000
454.83885538060100
455.08885538065100
455.33885538070200
455.58885538075300
455.83885538080400
456.08885538085500
456.33885538090600
456.58885538095700
456.83885538100800
457.08885538105900
457.33885538111000
457.58885538116100
457.83885538121200
458.08885538126300
458.33885538131400
458.58885538136400
458.83885538141500
459.08885538146600
459.33885538151700
459.58885538156800
459.83885538161900
460.08885538167000
460.33885538172100
460.58885538177200
460.83885538182300
461.08885538187400
461.33885538192500
461.58885538197600
461.83885538202700
462.08885538207800
462.33885538212800
462.58885538217900
462.83885538223000
463.08885538228100
463.33885538233200
463.58885538238300
463.83885538243400
464.08885538248500
464.33885538253600
464.58885538258700
464.83885538263800
465.08885538268900
465.33885538274000
465.58885538279100
465.83885538284200
466.08885538289200
466.33885538294300
466.58885538299400
466.83885538304500
467.08885538309600
467.33885538314700
467.58885538319800
467.83885538324900
468.08885538330000
468.33885538335100
468.58885538340200
468.83885538345300
469.08885538350400
469.33885538355500
469.58885538360500
469.83885538365600
470.08885538370700
470.33885538375800
470.58885538380900
470.83885538386000
471.08885538391100
471.33885538396200
471.58885538401300
471.83885538406400
472.08885538411500
472.33885538416600
472.58885538421700
472.83885538426800
473.08885538431900
473.33885538436900
473.58885538442000
473.83885538447100
474.08885538452200
474.33885538457300
474.58885538462400
474.83885538467500
475.08885538472600
475.33885538477700
475.58885538482800
475.83885538487900
476.08885538493000
476.33885538498100
476.58885538503200
476.83885538508200
477.08885538513300
477.33885538518400
477.58885538523500
477.83885538528600
478.08885538533700
478.33885538538800
478.58885538543900
478.83885538549000
479.08885538554100
479.33885538559200
479.58885538564300
479.83885538569400
480.08885538574500
480.33885538579600
480.58885538584600
480.83885538589700
481.08885538594800
481.33885538599900
481.58885538605000
481.83885538610100
482.08885538615200
482.33885538620300
482.58885538625400
482.83885538630500
483.08885538635600
483.33885538640700
483.58885538645800
483.83885538650900
484.08885538656000
484.33885538661000
484.58885538666100
484.83885538671200
485.08885538676300
485.33885538681400
485.58885538686500
485.83885538691600
486.08885538696700
486.33885538701800
486.58885538706900
486.83885538712000
487.08885538717100
487.33885538722200
487.58885538727300
487.83885538732300
488.08885538737400
488.33885538742500
488.58885538747600
488.83885538752700
489.08885538757800
489.33885538762900
489.58885538768000
489.83885538773100
490.08885538778200
490.33885538783300
490.58885538788400
490.83885538793500
491.08885538798600
491.33885538803700
491.58885538808700
491.83885538813800
492.08885538818900
492.33885538824000
492.58885538829100
492.83885538834200
493.08885538839300
493.33885538844400
493.58885538849500
493.83885538854600
494.08885538859700
494.33885538864800
494.58885538869900
494.83885538875000
495.08885538880100
495.33885538885100
495.58885538890200
495.83885538895300
496.08885538892500
496.33885538842300
496.58885538701100
496.83885538424300
497.08885537974700
497.33885537326700
497.58885536456500
497.83885535286300
498.08885533690300
498.33885531522600
498.58885528629700
498.83885524868100
499.08885520101700
499.33885514086300
499.58885506515300
499.83885497088900
500.08885485520400
500.33885471556600
500.58885454964600
500.83885435306300
501.08885412066900
501.33885384785800
501.58885352971600
501.83885316213400
502.08885274150400
502.33885226111200
502.58885171314200
502.83885109128000
503.08885038885400
503.33884960066400
503.58884872247000
503.83884774569800
504.08884666002000
504.33884545786800
504.58884413114100
504.83884267394300
505.08884108188500
505.33883934493300
505.58883745041400
505.83883539004000
506.08883315475300
506.33883073847900
506.58882813724900
506.83882534005000
507.08882233216400
507.33881910505700
507.58881564917300
507.83881195874300
508.08880803070900
508.33880385350700
508.58879941065300
508.83879469392100
509.08878969376700
509.33878440515700
509.58877882636300
509.83877294556200
510.08876674488100
510.33876021676200
510.58875335205600
510.83874614680000
511.08873860087500
511.33873070228000
511.58872243212900
511.83871378379500
512.08870474876300
512.33869532437800
512.58868551224200
512.83867529999800
513.08866466801500
513.33865361078900
513.58864212063100
513.83863019632000
514.08861784115100
514.33860504203700
514.58859177888400
514.83857804745000
515.08856384102400
515.33854915991000
515.58853400899100
515.83851837390300
516.08850223453100
516.33848558797700
516.58846842853500
516.83845075815800
517.08843258306000
517.33841388695300
517.58839465025500
517.83837487146100
518.08835454586700
518.33833367718800
518.58831227251000
518.83829031292100
519.08826778003500
519.33824467370000
519.58822099021600
519.83819673515900
520.08817191573200
520.33814650983900
520.58812050092200
520.83809389017400
521.08806667504400
521.33803886305500
521.58801046036700
521.83798144152200
522.08795179256700
522.33792151587000
522.58789061017400
522.83785908503700
523.08782694386500
523.33779415838200
523.58776071797100
523.83772662593800
524.08769188261200
524.33765649955600
524.58762047513800
524.83758377974400
525.08754640642200
525.33750835935100
525.58746964087000
525.83743026410500
526.08739021989900
526.33734947962900
526.58730804047600
526.83726590684400
527.08722308362400
527.33717958421500
527.58713539011300
527.83709047641800
528.08704484451000
528.33699849872800
528.58695144713400
528.83690370053300
529.08685523144200
529.33680602088200
529.58675607421600
529.83670539574600
530.08665399709300
530.33660188154800
530.58654901651900
530.83649539000200
531.08644101074700
531.33638588346000
531.58633002268000
531.83627341859500
532.08621604015300
532.33615788210600
532.58609895536700
532.83603926676300
533.08597883004500
533.33591762025800
533.58585561391800
533.83579281255500
534.08572922739600
534.33566486899500
534.58559974220500
534.83553381291600
535.08546706717500
535.33539951343800
535.58533116217000
535.83526202742700
536.08519209567800
536.33512133605600
536.58504974295500
536.83497733067700
537.08490410965200
537.33483009039700
537.58475524130700
537.83467954317700
538.08460299851100
538.33452562401300
538.58444743244400
538.83436841615700
539.08428854133400
539.33420779945400
539.58412620271400
539.83404376653900
540.08396050126800
540.33387637613400
540.58379137050500
540.83370548415000
541.08361873694200
541.33353114311500
541.58344269286700
541.83335335244800
542.08326311389000
542.33317198810900
542.58307999572700
542.83298714338800
543.08289339701700
543.33279873917100
543.58270317032000
543.83260671276400
544.08250938227200
544.33241115849800
544.58231201206100
544.83221193808100
545.08211094941100
545.33200907083200
545.58190629775400
545.83180259368600
546.08169794826600
546.33159236556500
546.58148587218700
546.83137847778000
547.08127014739100
547.33116086287600
547.58105062393100
547.83093944990500
548.08082736411500
548.33071433892400
548.58060034770000
548.83048538765400
549.08036947008700
549.33025262552600
549.58013483753100
549.83001607237000
550.07989632474800
550.32977560117600
550.57965393121600
550.82953131249600
551.07940770616500
551.32928310422300
551.57915751116600
551.82903095132800
552.07890343508200
552.32877492079400
552.57864539785300
552.82851486994200
553.07838335656500
553.32825087616500
553.57811738687300
553.82798287598400
554.07784734697100
554.32771081649700
554.57757330561300
554.82743477415600
555.07729520817300
555.32715461144600
555.57701299969200
555.82687039238500
556.07672675139800
556.32658206292600
556.57643633156600
556.82628957325600
557.07614180271300
557.32599298397700
557.57584310493300
557.82569217154600
558.07554020063800
558.32538719896800
558.57523313358800
558.82507799537600
559.07492179226100
559.32476454176300
559.57460623967400
559.82444685801100
560.07428639151200
560.32412485073400
560.57396225162700
560.82379857751500
561.07363380869100
561.32346794401300
561.57330099738700
561.82313297705000
562.07296385834200
562.32279363080800
562.57262229789500
562.82244987651900
563.07227635766600
563.32210172071200
563.57192596210300
563.82174909084900
564.07157112103300
564.32139202376500
564.57121179346900
564.82103043097900
565.07084795121500
565.32066434941400
565.57047959509600
565.82029369583300
566.07010665739000
566.31991849270400
566.56972916966300
566.81953868085200
567.06934703701200
567.31915425042800
567.56896030776900
567.81876517874200
568.06856887761600
568.31837141533100
568.56817279375800
568.81797297590800
569.06777196134200
569.31756977019100
569.56736640939400
569.81716184599700
570.06695606519000
570.31674908824400
570.56654092863400
570.81633155906200
571.06612095627900
571.31590913334700
571.56569611448100
571.81548187563900
572.06526638885800
572.31504966054000
572.56483171965700
572.81461254641800
573.06439210986600
573.31417041418300
573.56394748613400
573.81372331078100
574.06349785574300
574.31327112568200
574.56304314300400
574.81281389413200
575.06258334854900
575.31235151287200
575.56211840478900
575.81188400694100
576.06164829544400
576.31141127966500
576.56117297000500
576.81093334389900
577.06069238788900
577.31045011423000
577.56020651889900
577.80996158119900
578.05971529866600
578.30946768318300
578.55921871099900
578.80896837512700
579.05871668136600
579.30846362852600
579.55820918453800
579.80795336057200
580.05769616363300
580.30743756561600
580.55717755353000
580.80691614886500
581.05665333692900
581.30638908515800
581.55612340784700
581.80585631372800
582.05558776255900
582.30531775154000
582.55504630272000
582.80477338198600
583.05449897505400
583.30422309692100
583.55394573062800
583.80366685359800
584.05338647531500
584.30310458091500
584.55282115300100
584.80253619639000
585.05224968730800
585.30196162103100
585.55167199735800
585.80138078403300
586.05108798528400
586.30079359673600
586.55049758133200
586.80019994885500
587.04990068651200
587.29959976218100
587.54929718487200
587.79899292990700
588.04868698148200
588.29837933059200
588.54806995730300
588.79775885254300
589.04744598542200
589.29713135844400
589.54681493754200
589.79649670819800
590.04617665883100
590.29585475596300
590.54553098725900
590.79520532802300
591.04487775148400
591.29454823535600
591.54421675398800
591.79388327297200
592.04354776981800
592.29321020815000
592.54287055071000
592.79252876758700
593.04218480989800
593.29183864087200
593.54149020629500
593.79113945509900
594.04078632771400
594.29043075055800
594.54007264997800
594.78971192179300
595.03934845068600
595.28898205111900
595.53861250800100
595.78824519840600
596.03788981550000
596.28754572859000
596.53721374852400
596.78689343973400
597.03658339823700
597.28628203612000
597.53598809373900
597.78570083323800
598.03541998168300
598.28514557118300
598.53487778774600
598.78461685831200
599.03436291655000
599.28411596167600
599.53387589391100
599.78364257380400
600.03341581213400
600.28319540785900
600.53298115661700
600.78277238882200
601.03256840447900
601.28236942813500
601.53217538582400
601.78198619818200
602.03180173473300
602.28162177454000
602.53144603460500
602.78127416729700
603.03110580332100
603.28094058819800
603.53077822298000
603.78061843232000
604.03045386390200
604.28027253923400
604.53008347773900
604.77988954244900
605.02969377068500
605.27949912375100
605.52930739913200
605.77912758629400
606.02897544935300
606.27883921823400
606.52871358587200
606.77859312209100
607.02847280570600
607.27834958188400
607.52822253192500
607.77809227153900
608.02796020189700
608.27782788751800
608.52769661682100
608.77756718857500
609.02743991224600
609.27731475208300
609.52719149055300
609.77706986656800
610.02694967244700
610.27683079552900
610.52671318549100
610.77659679899800
611.02648157110300
611.27636741257500
611.52625419886500
611.77614176632500
612.02602993598800
612.27591854502400
612.52580744946200
612.77569651711400
613.02558563886500
613.27547474483100
613.52536379365900
613.77525275543400
614.02514161757500
614.27503039886000
614.52491913873300
614.77480787966400
615.02469667223600
615.27458558782600
615.52447470702000
615.77436409922800
616.02425382640200
616.27414395569100
616.52403455051400
616.77392565084500
617.02381727975300
617.27370945896600
617.52360220579200
617.77349551447900
618.02338936530000
618.27328374111800
618.52317862902700
618.77307399985400
619.02296981733400
619.27286605280000
619.52276269053400
619.77265970366000
620.02255706228200
620.27245474549300
620.52235275067900
620.77225106588800
621.02214967697800
621.27204857680500
621.52194777909000
621.77184728804200
622.02174710422300
622.27164723101900
622.52154769296500
622.77144850406200
623.02134967169500
623.27125120101100
623.52115311700300
623.77105543400000
624.02095815668800
624.27086128360800
624.52076483162000
624.77066880942300
625.02057321443800
625.27047803635500
625.52038328177000
625.77028895461400
626.02019504710100
626.27010154392400
626.52000844468500
626.76991575324300
627.01982346160300
627.26973155492100
627.51964002967900
627.76954889345300
628.01945814169200
628.26936776321100
628.51927775341600
628.76918812419500
629.01909887553600
629.26901000038600
629.51892149310200
629.76883336784800
630.01874562853300
630.26865827099000
630.51857128793100
630.76848469252000
631.01839849145000
631.26831268173300
631.51822725420800
631.76814221797200
632.01805758157300
632.26797334214100
632.51788948906600
632.76780602564500
633.01772296176900
633.26764029478200
633.51755801381400
633.76747611623000
634.01739461294000
634.26731350254000
634.51723277531700
634.76715242408000
635.01707245996400
635.26699288422000
635.51691368935500
635.76683486544600
636.01675642233000
636.26667836490400
636.51660068810300
636.76652338107400
637.01644645044300
637.26636990483100
637.51629374133700
637.76621794943200
638.01614253103300
638.26606749750500
638.51599284789300
638.76591857273700
639.01584466884000
639.26577114846700
639.51569801281900
639.76562525402100
640.01555286443800
640.26548085500200
640.51540922965400
640.76533798231100
641.01526710260100
641.26519659804800
641.51512647582800
641.76505673181900
642.01498735480100
642.26491834750900
642.51484972011500
642.76478147059300
643.01471358856800
643.26464607174400
643.51457893193800
643.76451216968000
644.01444577648600
644.26437974563100
644.51431408839700
644.76424880840900
645.01418389940400
645.26411935171400
645.51405517372600
645.76399137249900
646.01392794382300
646.26386487693300
646.51380217563500
646.76373985002500
647.01367789802900
647.26361630929100
647.51355508231500
647.76349422892500
648.01343374938200
648.26337363493100
648.51331387940500
648.76325449426100
649.01319548266900
649.26313683797700
649.51307855079500
649.76302062995300
650.01296308197500
650.26290590232300
650.51284908020200
650.76279262012200
651.01273653175500
651.26268081264600
651.51262545226400
651.76257045007900
652.01251581778500
652.26246155518800
652.51240765322800
652.76235410665000
653.01230092728600
653.26224811764200
653.51219567068100
653.76214357762000
654.01209184828900
654.26204048832400
654.51198949272500
654.76193885086200
655.01188856878500
655.26183865524200
655.51178910714200
655.76173991369700
656.01169107615600
656.26164260566400
656.51159450106800
656.76154675274500
657.01149935705700
657.26145232613900
657.51140566107600
657.76135935410700
658.01131339754300
658.26126780269600
658.51122257331600
658.76117770349000
659.01113318309500
659.26108902080600
659.51104522328700
659.76100178630900
660.01095869887600
660.26091596570600
660.51087359618200
660.76083158762700
661.01078992951300
661.26074862196100
661.51070767637100
661.76066709167100
662.01062685868800
662.26058697307900
662.51054744711500
662.76050828156400
663.01046946893600
663.26043100129800
663.51039289035900
663.76035513905100
664.01031774137900
664.26028068725000
664.51024398638200
664.76020764408600
665.01017165564400
665.26013601010300
665.51010071406500
665.76006577520800
666.01003118987400
666.25999694729800
666.50996305040400
666.75992950893600
667.00989632025000
667.25986347452500
667.50983097073900
667.75979882019700
668.00976702128600
668.25973556526600
668.50970444782800
668.75967368105400
669.00964326448800
669.25961319057000
669.50958345227900
669.75955406164800
670.00952501950000
670.25949631920400
670.50946795198100
670.75943992904700
671.00941225258900
671.25938491668200
671.50935791158900
671.75933124715400
672.00930492690400
672.25927894546300
672.50925329273600
672.75922797679600
673.00920300243500
673.25917836466300
673.50915405341600
673.75913007496300
674.00910643516200
674.25908312932600
674.50906014767300
674.75903749471100
675.00901517713900
675.25899319048100
675.50897152538400
675.75895018477400
676.00892917593300
676.25890849452600
676.50888813149000
676.75886808872700
677.00884837377000
677.25882898236000
677.50880990573500
677.75879114506400
678.00877270785300
678.25875458983400
678.50873678252300
678.75871928667800
679.00870210951500
679.25868524668100
679.50866868989200
679.75865243988900
680.00863650335000
680.25862087575200
680.50860554896700
680.75859052403600
681.00857580687500
681.25856139269000
681.50854727351200
681.75853345092200
682.00851992987100
682.25850670520200
682.50849376921900
682.75848112416300
683.00846877377500
683.25845671247400
683.50844493297400
683.75843343821200
684.00842223055800
684.25841130394200
684.50840065174300
684.75839027744800
685.00838018193800
685.25837035860600
685.50836080185000
685.75835151535800
686.00834249846900
686.25833374404000
686.50832524791200
686.75831701342100
687.00830903840400
687.25830131526600
687.50829384173800
687.75828662005200
688.00827964663600
688.25827291371400
688.50826642098000
688.75826016899400
689.00825415293300
689.25824836535700
689.50824280761400
689.75823747813800
690.00823237097400
690.25822747984300
690.50822280668500
690.75821834786200
691.00821409642500
691.25821004822600
691.50820620420200
691.75820255907100
692.00819910523600
692.25819584119500
692.50819276537100
692.75818987136300
693.00818715174900
693.25818460696000
693.50818223232000
693.75818002067500
694.00817796609800
694.25817606887700
694.50817432183900
694.75817271569400
695.00817123320400
695.25816987150700
695.50816862340500
695.75816748137000
696.00816643690500
696.25816547958400
696.50816460033400
696.75816382604700
697.00816330743100
697.25816296009700
697.50816273963200
697.75816260966500
698.00816253231900
698.25816247968200
698.50816243760900
698.75816239975500
699.00816236315300
699.25816232673100
699.50816228933000
699.75816224810700
700.00816220345300
700.25816215737200
700.50816210414400
700.75816203571800
701.00816194328800
701.25816181832200
701.50816165344900
701.75816144261800
702.00816118080900
702.25816086523600
702.50816049297500
702.75816006117100
703.00815956678500
703.25815900445800
703.50815836662600
703.75815764581300
704.00815683583400
704.25815593252600
704.50815493386700
704.75815383963300
705.00815265170600
705.25815137095800
705.50814999772500
705.75814853192200
706.00814697004400
706.25814529981800
706.50814351000800
706.75814159158500
707.00813953847900
707.25813734828700
707.50813502177800
707.75813256183700
708.00812997453600
708.25812726278600
708.50812442780200
708.75812147012900
709.00811838555300
709.25811515436800
709.50811175969800
709.75810818973700
710.00810443754700
710.25810050187600
710.50809638615500
710.75809209659100
711.00808764364400
711.25808303372900
711.50807826964400
711.75807335337100
712.00806828177900
712.25806302990700
712.50805757484300
712.75805190178900
713.00804600230600
713.25803987535500
713.50803352600900
713.75802696282100
714.00802019928100
714.25801324530300
714.50800610461000
714.75799878022200
715.00799127035900
715.25798354671700
715.50797557963700
715.75796735115100
716.00795885113000
716.25795007854000
716.50794104005000
716.75793174673800
717.00792221495700
717.25791245912400
717.50790248435700
717.75789229521100
718.00788189192300
718.25787124544100
718.50786031924800
718.75784909223600
719.00783755247300
719.25782569859500
719.50781353847100
719.75780108536800
720.00778835779500
720.25777537473400
720.50776214256900
720.75774866711900
721.00773495033200
721.25772096431100
721.50770666535300
721.75769202870100
722.00767704019800
722.25766169761600
722.50764600952200
722.75762999106400
723.00761366251800
723.25759704746500
723.50758015399200
723.75756298931600
724.00754555715800
724.25752783283400
724.50750976610200
724.75749132840300
725.00747250336400
725.25745328769400
725.50743369039100
725.75741372826300
726.00739342294800
726.25737280238200
726.50735187694600
726.75733065505900
727.00730914196400
727.25728731745300
727.50726512565000
727.75724253358800
728.00721952241500
728.25719608733200
728.50717223726200
728.75714799022900
729.00712336915000
729.25709840537800
729.50707311212100
729.75704749883000
730.00702157208900
730.25699531691700
730.50696867349400
730.75694160390700
731.00691408677300
731.25688611555300
731.50685769874600
731.75682885529000
732.00679960928600
732.25676999468300
732.50674002824800
732.75670972031300
733.00667907870600
733.25664809380700
733.50661670411300
733.75658486611300
734.00655255581600
734.25651976469400
734.50648650043000
734.75645278248200
735.00641863599400
735.25638409654800
735.50634918509600
735.75631391264000
736.00627828818200
736.25624230710600
736.50620590867100
736.75616904318700
737.00613168397100
737.25609382031300
737.50605545872500
737.75601661882600
738.00597732669200
738.25593761867500
738.50589752040200
738.75585704346000
739.00581619800600
739.25577498369900
739.50573334324500
739.75569122039300
740.00564858570000
740.25560542615100
740.50556174677400
740.75551756700000
741.00547291367600
741.25542782322100
741.50538232612200
741.75533643458100
742.00529015987300
742.25524350514000
742.50519641881200
742.75514883808100
743.00510073059500
743.25505208094300
743.50500289238700
743.75495318381800
744.00490298263800
744.25485232486100
744.50480124564700
744.75474975803100
745.00469787432500
745.25464560038200
745.50459289216200
745.75453968080600
746.00448593084100
746.25443162441800
746.50437676280800
746.75432136403700
747.00426545580800
747.25420907319600
747.50415225581700
747.75409501802100
748.00403737298800
748.25397932857100
748.50392084942800
748.75386186179000
749.00380232668200
749.25374222380800
749.50368155224300
749.75362032883900
750.00355858130300
750.25349634405800
750.50343365984300
750.75337054495900
751.00330701329000
751.25324307417100
751.50317870136700
751.75311381797500
752.00304838109900
752.25298236804500
752.50291577556200
752.75284861904500
753.00278092591300
753.25271272995500
753.50264407596200
753.75257498288800
754.00250546509500
754.25243553301800
754.50236516915800
754.75229429595100
755.00222286600400
755.25215085429800
755.50207825516400
755.75200508228100
756.00193136247800
756.25185712896600
756.50178242745000
756.75170728023900
757.00163170195200
757.25155570393900
757.50147927650900
757.75140234413100
758.00132485439700
758.25124678003600
758.50116811292700
758.75108886480600
759.00100906163500
759.25092873611000
759.50084793376100
759.75076668084400
760.00068499204300
760.25060287953500
760.50052034008500
760.75043730304600
761.00035371059000
761.25026953326900
761.50018476051200
761.75009940192400
762.00001348233300
762.24992703388500
762.49984010069400
762.74975271388400
762.99966488797100
763.24957663591900
763.49948795947300
763.74939879542300
763.99930908041200
764.24921878281400
764.49912788964700
764.74903640823100
764.99894436200500
765.24885178259400
765.49875871234000
765.74866518663600
765.99857122007000
766.24847682631900
766.49838201078400
766.74828671962600
766.99819088438600
767.24809447124500
767.49799746491000
767.74789987031400
767.99780170928200
768.24770301276700
768.49760382103300
768.74750417327200
768.99740408440800
769.24730356872100
769.49720263415700
769.74710123741300
769.99699930588600
770.24689680341800
770.49679371253300
770.74669003571000
770.99658579295900
771.24648101437000
771.49637573775800
771.74627000566300
771.99616383385700
772.24605723702200
772.49595022466900
772.74584276443000
772.99573478124100
773.24562623627400
773.49551711000400
773.74540740243400
773.99529713156400
774.24518632639900
774.49507502277500
774.74496326502900
774.99485107040100
775.24473845380000
775.49462542576700
775.74451196433500
775.99439799412800
776.24428347333000
776.49416838055700
776.74405271337100
776.99393648762800
777.24381973103200
777.49370247760700
777.74358477232600
777.99346663451400
778.24334807908000
778.49322911723700
778.74310973627800
778.99298986300700
779.24286945224000
779.49274848091900
779.74262694424000
779.99250485580200
780.24238224181300
780.49225913453600
780.74213557833200
780.99201159560600
781.24188720092500
781.49176240597100
781.74163720550500
781.99151153147900
782.24138533490200
782.49125859120800
782.74113129333900
782.99100345254600
783.24087509334800
783.49074624655700
783.74061695493100
783.99048724399600
784.24035712794200
784.49022661885400
784.74009571725100
784.98996436254100
785.23983250191200
785.48970010946400
785.73956717604500
785.98943371053300
786.23929973560400
786.48916528068700
786.73903038621600
786.98889508091100
787.23875937853400
787.48862329152400
787.73848682440100
787.98834992600400
788.23821253996200
788.48807463914500
788.73793621249600
788.98779726651900
789.23765782191000
789.48751790669700
789.73737755822400
789.98723680864200
790.23709567129200
790.48695415889000
790.73681227844500
790.98666998943500
791.23652723270000
791.48638397986500
791.73624021817200
791.98609595178700
792.23595119931600
792.48580598733300
792.73566035029700
792.98551432261900
793.23536791761400
793.48522114814900
793.73507402272200
793.98492651160200
794.23477855420500
794.48463012086400
794.73448119736300
794.98433178562500
795.23418190208700
795.48403157175100
795.73388082602100
795.98372970095900
796.23357821029600
796.48342636685200
796.73327417985700
796.98312162976700
797.23296865641500
797.48281522863700
797.73266133098900
797.98250696327200
798.23235213971400
798.48219688360400
798.73204122381300
798.98188519663700
799.23172881668400
799.48157209656800
799.73141504581800
799.98125765380200
800.23109986292900
800.48094164036100
800.73078296969700
800.98062384879000
801.23046428964800
801.48030431373400
801.73014394760100
801.97998322678000
802.22982216715500
802.47966078094800
802.72949907772300
802.97933705390500
803.22917465700400
803.47901185226300
803.72884862257900
803.97868496405800
804.22852088650300
804.47835640944200
804.72819155721100
804.97802636357100
805.22786084632400
805.47769501703300
805.72752888527200
805.97736245267400
806.22719567371800
806.47702851174800
806.72686094917400
806.97669298057800
807.22652461363200
807.47635586586900
807.72618675970500
807.97601732647400
808.22584758569700
808.47567754828700
808.72550722377100
808.97533661700800
809.22516569128700
809.47499440829200
809.72482275016000
809.97465071021100
810.22447829407800
810.47430551724200
810.72413240024300
810.97395897132100
811.22378525191900
811.47361125219600
811.72343698161200
811.97326244691100
812.22308762075300
812.47291246386200
812.72273695822000
812.97256109615100
813.22238488138400
813.47220832735000
813.72203145279100
813.97185428290600
814.22167684022200
814.47149913435600
814.72132117461100
814.97114296838500
815.22096449784800
815.47078572390700
815.72060662845900
815.97042720312200
816.22024744989500
816.47006738015600
816.71988701080300
816.96970636384600
817.21952546247500
817.46934431594200
817.71916293326400
817.96898132194100
818.21879947266200
818.46861734797100
818.71843492967600
818.96825220896200
819.21806918630400
819.46788587109400
819.71770227835400
819.96751842733000
820.21733434078100
820.46715002787100
820.71696549720300
820.96678075589300
821.21659580174400
821.46641060082500
821.71622513478900
821.96603939469000
822.21585337971600
822.46566709733800
822.71548056065100
822.96529378624000
823.21510679573000
823.46491959849900
823.71473220256900
823.96454461460100
824.21435683767600
824.46416884300000
824.71398061210000
824.96379213616300
825.21360341334600
825.46341444932900
825.71322525528100
825.96303584548300
826.21284623965300
826.46265644741700
826.71246647612900
826.96227633193500
827.21208602116600
827.46189552193200
827.71170481570000
827.96151389406900
828.21132275445000
828.46113140086700
828.71093984256000
828.96074809162400
829.21055616530900
829.46036407362600
829.71017182313100
829.95997941952800
830.20978687076800
830.45959416260800
830.70940127685700
830.95920820575000
831.20901494623700
831.45882150087500
831.70862787703200
831.95843408480600
832.20824013874800
832.45804604886800
832.70785182094700
832.95765746024900
833.20746297481500
833.45726835856900
833.70707359427800
833.95687867501200
834.20668359757100
834.45648836324500
834.70629297758300
834.95609744873600
835.20590178837500
835.45570600627500
835.70551010742800
835.95531409663500
836.20511798121200
836.45492176257900
836.70472542547100
836.95452896393400
837.20433237490600
837.45413565865100
837.70393881900300
837.95374186223100
838.20354479731000
838.45334763310200
838.70315037390800
838.95295302399200
839.20275558946900
839.45255807799800
839.70236047758100
839.95216278333300
840.20196499263100
840.45176710497200
840.70156912260700
840.95137104993800
841.20117289336900
841.45097466037700
841.70077635461400
841.95057797972000
842.20037954053800
842.45018104915300
842.69998249815100
842.94978388381700
843.19958520424600
843.44938645845200
843.69918764726400
843.94898877327100
844.19878984055400
844.44859085466200
844.69839181861000
844.94819273533200
845.19799360840000
845.44779445236200
845.69759526574700
845.94739604611600
846.19719679255500
846.44699750388400
846.69679817969700
846.94659882081800
847.19639942922300
847.44620000814400
847.69600055982500
847.94580108644800
848.19560159051600
848.44540208713500
848.69520258159600
848.94500307302200
849.19480356174400
849.44460404669100
849.69440452644000
849.94420500014600
850.19400546782100
850.44380593021600
850.69360638856000
850.94340684426000
851.19320729889800
851.44300776644600
851.69280825944600
851.94260877898800
852.19240932687200
852.44220990243400
852.69201050325800
852.94181112664700
853.19161177060300
853.44141243336800
853.69121311478900
853.94101381558400
854.19081453664900
854.44061528945300
854.69041609305600
854.94021695123200
855.19001786745100
855.43981884185400
855.68961987185400
855.93942095379700
856.18922208419300
856.43902325917900
856.68882447679100
856.93862573698600
857.18842703984300
857.43822839410600
857.68802982416200
857.93783133730400
858.18763293879200
858.43743462974200
858.68723640734700
858.93703826675500
859.18684020280000
859.43664220958100
859.68644428289100
859.93624642196700
860.18604862615000
860.43585090130500
860.68565327571800
860.93545576134100
861.18525836537000
861.43506109016800
861.68486393294800
861.93466688778900
862.18446994785400
862.43427310543900
862.68407635358200
862.93387969069700
863.18368311531000
863.43348663072700
863.68329026684700
863.93309404132600
864.18289796345700
864.43270203707300
864.68250625969300
864.93231062453100
865.18211512316200
865.43191974620000
865.68172448380900
865.93152933339500
866.18133429265200
866.43113936259800
866.68094457267100
866.93074994724200
867.18055549788800
867.43036123017200
867.68016714222600
867.92997322662900
868.17977947347400
868.42958587189100
868.67939240907000
868.92919908104900
869.17900588471400
869.42881281929900
869.67861991179000
869.92842719361100
870.17823467900700
870.42804237548400
870.67785028208100
870.92765839099200
871.17746669097600
871.42727516966200
871.67708381150900
871.92689261076100
872.17670156351700
872.42651066755300
872.67631994578500
872.92612943674000
873.17593915777500
873.42574911853300
873.67555931925100
873.92536975200600
874.17518040436500
874.42499126254300
874.67480230862400
874.92461353434200
875.17442493512700
875.42423650761100
875.67404826981400
875.92386026623100
876.17367251813200
876.42348503747200
876.67329782597000
876.92311087587400
877.17292417375700
877.42273770437700
877.67255144785300
877.92236539296000
878.17217953447100
878.42199386801400
878.67180840625800
878.92162319822900
879.17143826995900
879.42125363585400
879.67106929937200
879.92088525321200
880.17070148314900
880.42051797251300
880.67033470005600
880.92015165079200
881.16996881891800
881.41978619911700
881.66960379912800
881.91942167000200
882.16923984361900
882.41905833699000
882.66887715554400
882.91869629274400
883.16851573380700
883.41833546067000
883.66815545094600
883.91797568581600
884.16779615873500
884.41761686343800
884.66743780321700
884.91725902872200
885.16708057864100
885.41690247271200
885.66672471854500
885.91654731065400
886.16637023393300
886.41619346901800
886.66601699283400
886.91584078236400
887.16566483009400
887.41548912883200
887.66531367833900
887.91513852617000
888.16496371850000
888.41478927804000
888.66461521476800
888.91444152454800
889.16426819223100
889.41409519730300
889.66392251591000
889.91375012133200
890.16357800462700
890.41340615770500
890.66323457749000
890.91306330625100
891.16289239795400
891.41272187854500
891.66255176052000
891.91238204137000
892.16221270616100
892.41204373341000
892.66187509865500
892.91170677181200
893.16153874177900
893.41137099972000
893.66120354047100
893.91103639938200
894.16086963760100
894.41070328486400
894.66053735632400
894.91037185136200
895.16020675556400
895.41004204668600
895.65987769945400
895.90971368122100
896.15954997812000
896.40938658063800
896.65922348201900
896.90906070968000
897.15889833087700
897.40873637973100
897.65857487414300
897.90841381562000
898.15825319054200
898.40809297612000
898.65793314629600
898.90777366672000
899.15761451966300
899.40745569518300
899.65729718527900
899.90713900942900
900.15698123871600
900.40682391259200
900.65666705179600
900.90651066017200
901.15635472520000
901.40619922379700
901.65604412897600
901.90588940536300
902.15573503102800
902.40558099557600
902.65542728993500
902.90527392615700
903.15512097650100
903.40496848665400
903.65481648024100
903.90466496361000
904.15451392562000
904.40436334314800
904.65421318831500
904.90406342562900
905.15391402806900
905.40376498486900
905.65361628595300
905.90346793687100
906.15332000817600
906.40317255269400
906.65302559702300
906.90287915016500
907.15273320263600
907.40258773153000
907.65244270810500
907.90229809688900
908.15215386616100
908.40201000446000
908.65186650074400
908.90172335544200
909.15158063425200
909.40143839770100
909.65129667547900
909.90115547932700
910.15101480167700
910.40087462013200
910.65073490525500
910.90059562209700
911.15045673416800
911.40031822889700
911.65018009437400
911.90004232694000
912.14990498505500
912.39976813717200
912.64963181626400
912.89949603690700
913.14936079368200
913.39922606495900
913.64909182079300
913.89895802642800
914.14882464168000
914.39869165221600
914.64855904535900
914.89842681452800
915.14829500899900
915.39816370448600
915.64803293760800
915.89790272578800
916.14777306596000
916.39764393755200
916.64751531035200
916.89738714974300
917.14725941271000
917.39713208243100
917.64700514562600
917.89687859360700
918.14675246543600
918.39662684277300
918.64650176638800
918.89637725655400
919.14625331272900
919.39612991566700
919.64600703513300
919.89588463668100
920.14576267552400
920.39564113116200
920.64551999002400
920.89539924188900
921.14527891542600
921.39515909618900
921.64503982979100
921.89492113934900
922.14480302698500
922.39468547503900
922.64456845349900
922.89445192778600
923.14433585239600
923.39422020270800
923.64410496492000
923.89399012766100
924.14387570988600
924.39376179816100
924.64364844370500
924.89353567241700
925.14342348916100
925.39331187810700
925.64320080973200
925.89309024927600
926.14298015141400
926.39287048688400
926.64276124173900
926.89265240364700
927.14254398304100
927.39243606440700
927.64232870529500
927.89222193433200
928.14211575916800
928.39201016602600
928.64190512613100
928.89180060456700
929.14169655723500
929.39159294944400
929.64148976717400
929.89138699722500
930.14128464302900
930.39118278388300
930.64108148423400
930.89098077542800
931.14088066791700
931.39078115017200
931.64068219441900
931.89058376564300
932.14048582099700
932.39038832119400
932.64029125171500
932.89019459858600
933.14009835988300
933.39000260685000
933.63990741092700
933.88981280618100
934.13971880581300
934.38962540070100
934.63953256432800
934.88944026177000
935.13934845155900
935.38925709045300
935.63916616298300
935.88907565452400
936.13898555925100
936.38889593825100
936.63880686945100
936.88871838977200
937.13863051508000
937.38854323878400
937.63845653586800
937.88837037173000
938.13828470650400
938.38819949368900
938.63811471607900
938.88803035864000
939.13794641276900
939.38786292819000
939.63777998823600
939.88769763293200
940.13761588071700
940.38753472761300
940.63745415031900
940.88737411478600
941.13729458226100
941.38721550451300
941.63713686191700
941.88705863920500
942.13698082591200
942.38690346000800
942.63682662839100
942.88675037451200
943.13667471921500
943.38659966115900
943.63652517895600
943.88645123936200
944.13637780458400
944.38630482584800
944.63623228042000
944.88616015301800
945.13608843195400
945.38601714397300
945.63594637700000
945.88587617838400
946.13580657119000
946.38573755669600
946.63566911560300
946.88560121571000
947.13553382006500
947.38546688045600
947.63540037048400
947.88533427503700
948.13526858158500
948.38520330689700
948.63513853697700
948.88507432353900
949.13501069166700
949.38494764518600
949.63488516702600
949.88482322626400
950.13476178676900
950.38470080213800
950.63464024142900
950.88458008994600
951.13452033452300
951.38446098360500
951.63440211833900
951.88434379514700
952.13428604095100
952.38422886201500
952.63417224360100
952.88411615627800
953.13406056466700
953.38400542453600
953.63395070106600
953.88389637974600
954.13384244692800
954.38378890447900
954.63373582605100
954.88368327276300
955.13363127316200
955.38357983577200
955.63352894823500
955.88347858280800
956.13342870498600
956.38337927300500
956.63333024871200
956.88328161755000
957.13323336552100
957.38318548964700
957.63313805393700
957.88309112384200
958.13304472937200
958.38299888109600
958.63295356904800
958.88290876734400
959.13286444253500
959.38282055537200
959.63277706525200
959.88273395718500
960.13269121699400
960.38264883839700
960.63260687436200
960.88256539372300
961.13252442787100
961.38248398915900
961.63244406997300
961.88240464643700
962.13236568637900
962.38232715296100
962.63228900424400
962.88225122433400
963.13221379907700
963.38217672004800
963.63214002871500
963.88210379584000
964.13206805415200
964.38203281749900
964.63199808051900
964.88196382145300
965.13193000961500
965.38189661041800
965.63186358179000
965.88183090645000
966.13179857049200
966.38176656424200
966.63173491804300
966.88170370257900
967.13167295194800
967.38164268115600
967.63161288693900
967.88158354972800
968.13155464052800
968.38152612697100
968.63149796808700
968.88147014445500
969.13144264276700
969.38141545267800
969.63138859449600
969.88136213655300
970.13133611434200
970.38131054368700
970.63128542321400
970.88126073556800
971.13123645362500
971.38121254693800
971.63118897670000
971.88116572143900
972.13114276851300
972.38112010731500
972.63109774968000
972.88107575919500
973.13105417263400
973.38103300623200
973.63101226023000
973.88099191946000
974.13097195882400
974.38095234977200
974.63093305641300
974.88091405535400
975.13089533471700
975.38087688387700
975.63085870798000
975.88084086376000
976.13082338897200
976.38080629985600
976.63078959794800
976.88077327018600
977.13075729361700
977.38074164162500
977.63072628170000
977.88071118899400
978.13069635238400
978.38068176141500
978.63066741639600
978.88065336547600
979.13063964681800
979.38062627625600
979.63061325624900
979.88060057569900
980.13058821388900
980.38057614625100
980.63056434384600
980.88055278115800
981.13054144771700
981.38053033341600
981.63051943533800
981.88050879208800
982.13049844128400
982.38048839794500
982.63047866502600
982.88046923319800
983.13046008401700
983.38045119512400
983.63044254113500
983.88043409687700
984.13042585238600
984.38041779809200
984.63040992918200
984.88040227453300
985.13039486991200
985.38038772910000
985.63038085508700
985.88037424004900
986.13036786780500
986.38036171836900
986.63035576979800
986.88034999836600
987.13034439448300
987.38033894932800