0.00000000000000
0.00000034302937
0.00000119442563
0.00000168811427
0.00000203508673
0.00000218455003
0.00000215896249
0.00000202297478
0.00000184941751
0.00000169267585
0.00000158170475
0.00000152296089
0.00000150750110
0.00000151900992
0.00000154068747
0.00000155986899
0.00000156987648
0.00000156938703
0.00000156032301
0.00000154549860
0.00000152695745
0.00000150533556
0.00000148006357
0.00000144998168
0.00000141397632
0.00000137141864
0.00000132235233
0.00000126747630
0.00000120799801
0.00000114542796
0.00000108137008
0.00000101734656
0.00000095467858
0.00000089442727
0.00000083738437
0.00000078409404
0.00000073488748
0.00000068991723
0.00000064918554
0.00000061256623
0.00000057981719
0.00000055060658
0.00000052453810
0.00000050116944
0.00000048003393
0.00000046066155
0.00000044259770
0.00000042541932
0.00000040874785
0.00000039225884
0.00000037568838
0.00000035883659
0.00000034156868
0.00000032381380
0.00000030556200
0.00000028685924
0.00000026780066
0.00000024852235
0.00000022919170
0.00000020999690
0.00000019113600
0.00000017280605
0.00000015519298
0.00000013846270
0.00000012275390
0.00000010817285
0.00000009479038
0.00000008264106
0.00000007172434
0.00000006200742
0.00000005342947
0.00000004590675
0.00000003933831
0.00000003361179
0.00000002860906
0.00000002421147
0.00000002030440
0.00000001678110
0.00000001354571
0.00000001051545
0.00000000762189
0.00000000481160
0.00000000204607
-0.00000000069904
-0.00000000343491
-0.00000000616113
-0.00000000886742
-0.00000001153551
-0.00000001414122
-0.00000001665642
-0.00000001905107
-0.00000002129504
-0.00000002335987
-0.00000002522026
-0.00000002685531
-0.00000002824948
-0.00000002939326
-0.00000003028346
-0.00000003092320
-0.00000003132166
-0.00000003149344
-0.00000003145780
-0.00000003123765
-0.00000003085853
-0.00000003034740
-0.00000002973158
-0.00000002903769
-0.00000002829070
-0.00000002751321
-0.00000002672479
-0.00000002594165
-0.00000002517641
-0.00000002443804
-0.00000002373210
-0.00000002306094
-0.00000002242414
-0.00000002181900
-0.00000002124098
-0.00000002068435
-0.00000002014259
-0.00000001960897
-0.00000001907693
-0.00000001854044
-0.00000001799432
-0.00000001743445
-0.00000001685788
-0.00000001626290
-0.00000001564907
-0.00000001501712
-0.00000001436884
-0.00000001370697
-0.00000001303497
-0.00000001235687
-0.00000001167704
-0.00000001100002
-0.00000001033029
-0.00000000967216
-0.00000000902956
-0.00000000840595
-0.00000000780425
-0.00000000722682
-0.00000000667554
-0.00000000615156
-0.00000000565526
-0.00000000518643
-0.00000000474426
-0.00000000432749
-0.00000000393452
-0.00000000356350
-0.00000000321249
-0.00000000287949
-0.00000000256256
-0.00000000225987
-0.00000000196974
-0.00000000169069
-0.00000000142148
-0.00000000116112
-0.00000000090885
-0.00000000066418
-0.00000000042683
-0.00000000019674
0.00000000002599
0.00000000024110
0.00000000044825
0.00000000064704
0.00000000083704
0.00000000101784
0.00000000118908
0.00000000135046
0.00000000150176
0.00000000164290
0.00000000177389
0.00000000189485
0.00000000200603
0.00000000210779
0.00000000220056
0.00000000228486
0.00000000236130
0.00000000243047
0.00000000249304
0.00000000254964
0.00000000260090
0.00000000264743
0.00000000268978
0.00000000272844
0.00000000276385
0.00000000279637
0.00000000282631
0.00000000285389
0.00000000287930
0.00000000290266
0.00000000292403
0.00000000294347
0.00000000296097
0.00000000297655
0.00000000299017
0.00000000300183
0.00000000301153
0.00000000301926
0.00000000302504
0.00000000302893
0.00000000303098
0.00000000303126
0.00000000302989
0.00000000302697
0.00000000302264
0.00000000301704
0.00000000301032
0.00000000300262
0.00000000299410
0.00000000298490
0.00000000297515
0.00000000296499
0.00000000295452
0.00000000294385
0.00000000293307
0.00000000292225
0.00000000291144
0.00000000290070
0.00000000289005
0.00000000287951
0.00000000287001
0.00000000286576
0.00000000286191
0.00000000285552
0.00000000284779
0.00000000283856
0.00000000282813
0.00000000281711
0.00000000280610
0.00000000279547
0.00000000278540
0.00000000277586
0.00000000276675
0.00000000275792
0.00000000274924
0.00000000274064
0.00000000273209
0.00000000272362
0.00000000271526
0.00000000270707
0.00000000269917
0.00000000269187
0.00000000268486
0.00000000267800
0.00000000267118
0.00000000266432
0.00000000265751
0.00000000265085
0.00000000264440
0.00000000263821
0.00000000263232
0.00000000262673
0.00000000262142
0.00000000261637
0.00000000261157
0.00000000260698
0.00000000260261
0.00000000259844
0.00000000259446
0.00000000259067
0.00000000258707
0.00000000258333
0.00000000257887
0.00000000257405
0.00000000256899
0.00000000256381
0.00000000255865
0.00000000255360
0.00000000254895
0.00000000254570
0.00000000254338
0.00000000254171
0.00000000254045
0.00000000253933
0.00000000253817
0.00000000253690
0.00000000253552
0.00000000253409
0.00000000253268
0.00000000253135
0.00000000253014
0.00000000252908
0.00000000252798
0.00000000252599
0.00000000252351
0.00000000252073
0.00000000251782
0.00000000251495
0.00000000251223
0.00000000250972
0.00000000250747
0.00000000250644
0.00000000250640
0.00000000250696
0.00000000250789
0.00000000250891
0.00000000250982
0.00000000251054
0.00000000251105
0.00000000251140
0.00000000251165
0.00000000251188
0.00000000251213
0.00000000251241
0.00000000251216
0.00000000251133
0.00000000251019
0.00000000250886
0.00000000250749
0.00000000250619
0.00000000250502
0.00000000250401
0.00000000250314
0.00000000250303
0.00000000250370
0.00000000250481
0.00000000250619
0.00000000250763
0.00000000250900
0.00000000251020
0.00000000251122
0.00000000251209
0.00000000251285
0.00000000251355
0.00000000251424
0.00000000251479
0.00000000251479
0.00000000251449
0.00000000251398
0.00000000251336
0.00000000251273
0.00000000251215
0.00000000251165
0.00000000251123
0.00000000251087
0.00000000251101
0.00000000251171
0.00000000251270
0.00000000251388
0.00000000251511
0.00000000251628
0.00000000251732
0.00000000251822
0.00000000251900
0.00000000251969
0.00000000252033
0.00000000252095
0.00000000252127
0.00000000252122
0.00000000252095
0.00000000252054
0.00000000252007
0.00000000251959
0.00000000251915
0.00000000251875
0.00000000251840
0.00000000251808
0.00000000251816
0.00000000251869
0.00000000251946
0.00000000252037
0.00000000252133
0.00000000252222
0.00000000252301
0.00000000252369
0.00000000252427
0.00000000252477
0.00000000252523
0.00000000252564
0.00000000252566
0.00000000252541
0.00000000252498
0.00000000252444
0.00000000252386
0.00000000252329
0.00000000252276
0.00000000252226
0.00000000252179
0.00000000252135
0.00000000252134
0.00000000252173
0.00000000252235
0.00000000252312
0.00000000252391
0.00000000252466
0.00000000252530
0.00000000252583
0.00000000252627
0.00000000252665
0.00000000252700
0.00000000252720
0.00000000252699
0.00000000252654
0.00000000252594
0.00000000252525
0.00000000252454
0.00000000252386
0.00000000252321
0.00000000252261
0.00000000252203
0.00000000252149
0.00000000252147
0.00000000252183
0.00000000252242
0.00000000252316
0.00000000252392
0.00000000252462
0.00000000252522
0.00000000252570
0.00000000252609
0.00000000252643
0.00000000252673
0.00000000252677
0.00000000252641
0.00000000252584
0.00000000252513
0.00000000252435
0.00000000252356
0.00000000252282
0.00000000252213
0.00000000252147
0.00000000252084
0.00000000252031
0.00000000252035
0.00000000252076
0.00000000252140
0.00000000252218
0.00000000252296
0.00000000252368
0.00000000252428
0.00000000252476
0.00000000252516
0.00000000252550
0.00000000252580
0.00000000252571
0.00000000252528
0.00000000252465
0.00000000252389
0.00000000252308
0.00000000252228
0.00000000252153
0.00000000252084
0.00000000252019
0.00000000251956
0.00000000251913
0.00000000251931
0.00000000251982
0.00000000252055
0.00000000252138
0.00000000252220
0.00000000252292
0.00000000252353
0.00000000252402
0.00000000252443
0.00000000252479
0.00000000252506
0.00000000252487
0.00000000252440
0.00000000252374
0.00000000252297
0.00000000252217
0.00000000252140
0.00000000252068
0.00000000252001
0.00000000251939
0.00000000251877
0.00000000251831
0.00000000251847
0.00000000251897
0.00000000251971
0.00000000252056
0.00000000252141
0.00000000252217
0.00000000252281
0.00000000252333
0.00000000252376
0.00000000252414
0.00000000252447
0.00000000252438
0.00000000252395
0.00000000252333
0.00000000252259
0.00000000252181
0.00000000252105
0.00000000252034
0.00000000251969
0.00000000251911
0.00000000251905
0.00000000251945
0.00000000252014
0.00000000252098
0.00000000252187
0.00000000252270
0.00000000252342
0.00000000252402
0.00000000252452
0.00000000252495
0.00000000252534
0.00000000252573
0.00000000252612
0.00000000252651
0.00000000252692
0.00000000252733
0.00000000252774
0.00000000252816
0.00000000252858
0.00000000252901
0.00000000252944
0.00000000252989
0.00000000253034
0.00000000253080
0.00000000253126
0.00000000253172
0.00000000253217
0.00000000253261
0.00000000253304
0.00000000253344
0.00000000253383
0.00000000253419
0.00000000253454
0.00000000253485
0.00000000253515
0.00000000253542
0.00000000253567
0.00000000253590
0.00000000253611
0.00000000253630
0.00000000253648
0.00000000253664
0.00000000253680
0.00000000253694
0.00000000253708
0.00000000253721
0.00000000253734
0.00000000253746
0.00000000253758
0.00000000253770
0.00000000253781
0.00000000253792
0.00000000253803
0.00000000253814
0.00000000253824
0.00000000253834
0.00000000253843
0.00000000253852
0.00000000253861
0.00000000253868
0.00000000253875
0.00000000253882
0.00000000253888
0.00000000253893
0.00000000253898
0.00000000253902
0.00000000253905
0.00000000253908
0.00000000253911
0.00000000253913
0.00000000253915
0.00000000253916
0.00000000253917
0.00000000253918
0.00000000253919
0.00000000253919
0.00000000253920
0.00000000253920
0.00000000253921
0.00000000253921
0.00000000253921
0.00000000253922
0.00000000253922
0.00000000253922
0.00000000253922
0.00000000253922
0.00000000253922
0.00000000253922
0.00000000253922
0.00000000253922
0.00000000253922
0.00000000253921
0.00000000253921
0.00000000253920
0.00000000253920
0.00000000253919
0.00000000253918
0.00000000253917
0.00000000253917
0.00000000253916
0.00000000253915
0.00000000253914
0.00000000253913
0.00000000253912
0.00000000253911
0.00000000253910
0.00000000253909
0.00000000253908
0.00000000253907
0.00000000253906
0.00000000253906
0.00000000253905
0.00000000253904
0.00000000253903
0.00000000253903
0.00000000253902
0.00000000253901
0.00000000253901
0.00000000253900
0.00000000253900
0.00000000253899
0.00000000253899
0.00000000253898
0.00000000253897
0.00000000253897
0.00000000253896
0.00000000253896
0.00000000253895
0.00000000253895
0.00000000253894
0.00000000253894
0.00000000253893
0.00000000253893
0.00000000253893
0.00000000253892
0.00000000253892
0.00000000253891
0.00000000253891
0.00000000253891
0.00000000253890
0.00000000253890
0.00000000253890
0.00000000253890
0.00000000253889
0.00000000253889
0.00000000253889
0.00000000253889
0.00000000253889
0.00000000253888
0.00000000253888
0.00000000253888
0.00000000253888
0.00000000253888
0.00000000253888
0.00000000253888
0.00000000253887
0.00000000253887
0.00000000253887
0.00000000253887
0.00000000253887
0.00000000253887
0.00000000253887
0.00000000253887
0.00000000253887
0.00000000253887
0.00000000253887
0.00000000253887
0.00000000253886
0.00000000253886
0.00000000253886
0.00000000253886
0.00000000253886
0.00000000253886
0.00000000253886
0.00000000253886
0.00000000253886
0.00000000253886
0.00000000253886
0.00000000253886
0.00000000253886
0.00000000253886
0.00000000253886
0.00000000253886
0.00000000253886
0.00000000253886
0.00000000253886
0.00000000253886
0.00000000253886
0.00000000253886
0.00000000253886
0.00000000253886
0.00000000253886
0.00000000253886
0.00000000253886
0.00000000253886
0.00000000253886
0.00000000253886
0.00000000253886
0.00000000253886
0.00000000253886
0.00000000253886
0.00000000253886
0.00000000253886
0.00000000253887
0.00000000253887
0.00000000253887
0.00000000253887
0.00000000253887
0.00000000253887
0.00000000253887
0.00000000253887
0.00000000253887
0.00000000253887
0.00000000253887
0.00000000253887
0.00000000253887
0.00000000253887
0.00000000253887
0.00000000253887
0.00000000253887
0.00000000253887
0.00000000253887
0.00000000253887
0.00000000253887
0.00000000253887
0.00000000253887
0.00000000253887
0.00000000253887
0.00000000253887
0.00000000253887
0.00000000253887
0.00000000253887
0.00000000253887
0.00000000253887
0.00000000253887
0.00000000253887
0.00000000253887
0.00000000253887
0.00000000253887
0.00000000253887
0.00000000253887
0.00000000253887
0.00000000253887
0.00000000253887
0.00000000253887
0.00000000253887
0.00000000253887
0.00000000253887
0.00000000253887
0.00000000253887
0.00000000253887
0.00000000253887
0.00000000253887
0.00000000253887
0.00000000253887
0.00000000253887
0.00000000253887
0.00000000253887
0.00000000253887
0.00000000253887
0.00000000253887
0.00000000253887
0.00000000253887
0.00000000253887
0.00000000253887
0.00000000253887
0.00000000253887
0.00000000253887
0.00000000253887
0.00000000253887
0.00000000253887
0.00000000253887
0.00000000253887
0.00000000253887
0.00000000253887
0.00000000253887
0.00000000253887
0.00000000253887
0.00000000253887
0.00000000253887
0.00000000253887
0.00000000253887
0.00000000253887
0.00000000253887
0.00000000253887
0.00000000253887
0.00000000253887
0.00000000253887
0.00000000253887
0.00000000253887
0.00000000253887
0.00000000253887
0.00000000253887
0.00000000253887
0.00000006735380
0.00000989847800
0.00004408175851
0.00010470218476
0.00020053368768
0.00034093884490
0.00053176682194
0.00078364859064
0.00110299540245
0.00149862386419
0.00197967315671
0.00255194429038
0.00322569586191
0.00400674731178
0.00490254438887
0.00592152484088
0.00706805861364
0.00835104704788
0.00977572691622
0.01134733821685
0.01307371244058
0.01495640515017
0.01700109844716
0.01921301621470
0.02159258621633
0.02414722718318
0.02687768758420
0.02978650255443
0.03287861154925
0.03615189358833
0.03961050345703
0.04325465669373
0.04708247791717
0.05109725778270
0.05529587688120
0.05967800054159
0.06424445836796
0.06899134302058
0.07391906409360
0.07902597268409
0.08430882206849
0.08976777462333
0.09539993323163
0.10120267343971
0.10717548321672
0.11331535089183
0.11961994688397
0.12608821209856
0.13271734090676
0.13950512201756
0.14645037205022
0.15355026451238
0.16080266706660
0.16820656932183
0.17575888081422
0.18345765166253
0.19130199242350
0.19928848173126
0.20741552795991
0.21568211504061
0.22408454072099
0.23262169106058
0.24129222809623
0.25009227200871
0.25902117832201
0.26807722944196
0.27725652705445
0.28655873515498
0.29598181018846
0.30552195211452
0.31517901711507
0.32495072238308
0.33483347394905
0.34482719129577
0.35492947305123
0.36513696107464
0.37544954282297
0.38586477574594
0.39637954959359
0.40699368134277
0.41770475872618
0.42850989575354
0.43940880425533
0.45039917696800
0.46147827971229
0.47264569999472
0.48389925756521
0.49523636087795
0.50665644441319
0.51815748684325
0.52973701550982
0.54139429342102
0.55312747615084
0.56493420031313
0.57681354066578
0.58876383766437
0.60078284055074
0.61286943286633
0.62502213491368
0.63723881822497
0.64951819122624
0.66185891994280
0.67425902544988
0.68671707695127
0.69923185405821
0.71180151505470
0.72442455405109
0.73709978782011
0.74982552694711
0.76260025690107
0.77542277785380
0.78829153332502
0.80120506282981
0.81416209511066
0.82716119990820
0.84020100675276
0.85328016674253
0.86639733886047
0.87955125017702
0.89274051252081
0.90596382059573
0.91921998929429
0.93250766489729
0.94582552008244
0.95917242403942
0.97254712138051
0.98594823995768
0.99937466713575
1.01282526747627
1.02629866800692
1.03979371678823
1.05330938435644
1.06684437832298
1.08039745367624
1.09396764632381
1.10755381515704
1.12115461911749
1.13476909891026
1.14839627016307
1.16203478666669
1.17568361267205
1.18934187145471
1.20300835097399
1.21668186522828
1.23036157418709
1.24404649222345
1.25773529835590
1.27142710706809
1.28512112731772
1.29881606600982
1.31251088729460
1.32620488640115
1.33989700310251
1.35358598372184
1.36727109694595
1.38095158484897
1.39462608212026
1.40829371318355
1.42195390513045
1.43560546472553
1.44924722845363
1.46287849184396
1.47649828309808
1.49010502396694
1.50369791216880
1.51727642008059
1.53083909410503
1.54438490872186
1.55791349048990
1.57142388721189
1.58491464540604
1.59838524956040
1.61183528841014
1.62526311279101
1.63866787128532
1.65204937404835
1.66540641762109
1.67873761511501
1.69204265977709
1.70532113258420
1.71857124795215
1.73179235318224
1.74498446887174
1.75814614595538
1.77127611769220
1.78437430819660
1.79744023791808
1.81047204574604
1.82346926254142
1.83643208444002
1.84935885625481
1.86224841250722
1.87510091379912
1.88791579202207
1.90069112579743
1.91342660011463
1.92612254935202
1.93877715362479
1.95138929216697
1.96395932434652
1.97648662736054
1.98896919307710
2.00140681630379
2.01379995665500
2.02614667637242
2.03844582930024
2.05069793748542
2.06290239622549
2.07505707199402
2.08716182878938
2.09921725645871
2.11122136454426
2.12317290859482
2.13507254413063
2.14691977127632
2.15871230356103
2.17044999865804
2.18213361243575
2.19376119296941
2.20533130220357
2.21684467658612
2.22830104614739
2.23969795021304
2.25103515456191
2.26231358504455
2.27353143994218
2.28468698741628
2.29578098591475
2.30681347614013
2.31778185993543
2.32868568514645
2.33952604375183
2.35030143123084
2.36100973554734
2.37165165770500
2.38222759498390
2.39273492609036
2.40317283641313
2.41354253866021
2.42384298050211
2.43407163424748
2.44422901738793
2.45431591050706
2.46432985977216
2.47426953086162
2.48413618416812
2.49392933937667
2.50364612165980
2.51328669708022
2.52285218114299
2.53234054559759
2.54174979368045
2.55108112612049
2.56033468945083
2.56950747470742
2.57859905779120
2.58761082768923
2.59654142271359
2.60538815112147
2.61415197288932
2.62283361554713
2.63143029078307
2.63994076428346
2.64836654191164
2.65670708238860
2.66495917132464
2.67312325796973
2.68120054279565
2.68918886775548
2.69708601320061
2.70489343480327
2.71261141114704
2.72023661257034
2.72776861051390
2.73520897200401
2.74255647094443
2.74980797380342
2.75696458810972
2.76402725914104
2.77099312228974
2.77786057403819
2.78463132784739
2.79130519060904
2.79787850568924
2.80435159941667
2.81072594518983
2.81699964721772
2.82316985400341
2.82923812067424
2.83520513596038
2.84106742719794
2.84682407102906
2.85247686462760
2.85802512510359
2.86346505332652
2.86879759561449
2.87402411390651
2.87914205010666
2.88414894847759
2.88904667074395
2.89383563990016
2.89851187871014
2.90307511460310
2.90752717428053
2.91186684451677
2.91609033533963
2.92019909234422
2.92419435561630
2.92807291192931
2.93183280721039
2.93547608322228
2.93900285434904
2.94240874438259
2.94569409744593
2.94886074656127
2.95190688933584
2.95482888052929
2.95762857150303
2.96031064721433
2.96288115656112
2.96533829039409
2.96768467360451
2.96992225213649
2.97205405236421
2.97408508545029
2.97601945945756
2.97784684093383
2.97955275373430
2.98115270629421
2.98265323249873
2.98406278845022
2.98539122406765
2.98664614922677
2.98783182664063
2.98895123062663
2.99000738920751
2.99100113995427
2.99193348175802
2.99280633292624
2.99362240001529
2.99438394138603
2.99509375293516
2.99575470659371
2.99636957711391
2.99694099845696
2.99747145572325
2.99796365481154
2.99842024811918
2.99884299417294
2.99923378343909
2.99959439095749
2.99992649934494
3.00023174172892
3.00051170237886
3.00076789670232
3.00100174957136
3.00121458085942
3.00140760106231
3.00158191644723
3.00173854132788
3.00187841421935
3.00200241458917
3.00211137763130
3.00220610569368
3.00228737621969
3.00235594689000
3.00241255890794
3.00245793918324
3.00249280180205
3.00251784886030
3.00253377058600
3.00254124467429
3.00254093483795
3.00253348867301
3.00251953501621
3.00249968101652
3.00247450915639
3.00244457444411
3.00241040196348
3.00237248491867
3.00233128326105
3.00228722293806
3.00224069576644
3.00219205990333
3.00214164086762
3.00208973304681
3.00203660161201
3.00198248475298
3.00192759613922
3.00187212751043
3.00181625130210
3.00176012323893
3.00170388478119
3.00164766530114
3.00159158409278
3.00153575208377
3.00148027324011
3.00142524566295
3.00137076238206
3.00131691186382
3.00126377826349
3.00121144145941
3.00115997691232
3.00110945539510
3.00105994263857
3.00101149893707
3.00096417726490
3.00091800677284
3.00087300882802
3.00082920912807
3.00078663283862
3.00074530430862
3.00070524576601
3.00066647497384
3.00062900325435
3.00059283449743
3.00055796516898
3.00052438506737
3.00049207849851
3.00046102556575
3.00043120334875
3.00040258684827
3.00037514967266
3.00034886451361
3.00032370348809
3.00029963841511
3.00027664106545
3.00025468339159
3.00023373772488
3.00021377692205
3.00019477444877
3.00017670439795
3.00015954144943
3.00014326078412
3.00012783796816
3.00011324882294
3.00009946929466
3.00008647533467
3.00007424279827
3.00006274736723
3.00005196449851
3.00004186940025
3.00003243703472
3.00002364214693
3.00001545931670
3.00000786303134
3.00000082777496
2.99999432813031
2.99998833888847
2.99998283516147
2.99997779249351
2.99997318696629
2.99996899529515
2.99996519491269
2.99996176403807
2.99995868173027
2.99995592792489
2.99995348345446
2.99995133005317
2.99994945034703
2.99994782783155
2.99994644683868
2.99994529249548
2.99994435067683
2.99994360795457
2.99994305154516
2.99994266925814
2.99994244944694
2.99994238096366
2.99994245311882
2.99994265564692
2.99994297867818
2.99994341271650
2.99994394862357
2.99994457760847
2.99994529122217
2.99994608135617
2.99994694024417
2.99994786046597
2.99994883495257
2.99994985699146
2.99995092023145
2.99995201868607
2.99995314673526
2.99995429912455
2.99995547096185
2.99995665771130
2.99995785518460
2.99995905952962
2.99996026721674
2.99996147502322
2.99996268001597
2.99996387953317
2.99996507116521
2.99996625273544
2.99996742228111
2.99996857803489
2.99996971840737
2.99997084197073
2.99997194744390
2.99997303367917
2.99997409965053
2.99997514444356
2.99997616724693
2.99997716734529
2.99997814411356
2.99997909701224
2.99998002558375
2.99998092944937
2.99998180830677
2.99998266192784
2.99998349015659
2.99998429290715
2.99998507016145
2.99998582196679
2.99998654843299
2.99998724972926
2.99998792608065
2.99998857776417
2.99998920510463
2.99998980847018
2.99999038826771
2.99999094493820
2.99999147895198
2.99999199080412
2.99999248100997
2.99999295010093
2.99999339861444
2.99999382700618
2.99999423571980
2.99999462526219
2.99999499617473
2.99999534902954
2.99999568442084
2.99999600294987
2.99999630521115
2.99999659178361
2.99999686322708
2.99999712008265
2.99999736287549
2.99999759211842
2.99999780831494
2.99999801196130
2.99999820354727
2.99999838355599
2.99999855246336
2.99999871073726
2.99999885883699
2.99999899721287
2.99999912630601
2.99999924654809
2.99999935836107
2.99999946215683
2.99999955833668
2.99999964729084
2.99999972939788
2.99999980502416
2.99999987452337
2.99999993823621
2.99999999649010
3.00000004959906
3.00000009786372
3.00000014157141
3.00000018099634
3.00000021639993
3.00000024803111
3.00000027612677
3.00000030091225
3.00000032260178
3.00000034139909
3.00000035749788
3.00000037108238
3.00000038232781
3.00000039140093
3.00000039846043
3.00000040365735
3.00000040713547
3.00000040903160
3.00000040947588
3.00000040859201
3.00000040649749
3.00000040330375
3.00000039911636
3.00000039403515
3.00000038815433
3.00000038156264
3.00000037434344
3.00000036657488
3.00000035833002
3.00000034967606
3.00000034066723
3.00000033135312
3.00000032178327
3.00000031200561
3.00000030206672
3.00000029201142
3.00000028188195
3.00000027171715
3.00000026155209
3.00000025141802
3.00000024134265
3.00000023135055
3.00000022146364
3.00000021170158
3.00000020208207
3.00000019262114
3.00000018333317
3.00000017423106
3.00000016532626
3.00000015662885
3.00000014814763
3.00000013989021
3.00000013186308
3.00000012407170
3.00000011652057
3.00000010921325
3.00000010215243
3.00000009533994
3.00000008877681
3.00000008246326
3.00000007639877
3.00000007058210
3.00000006501133
3.00000005968393
3.00000005459675
3.00000004974613
3.00000004512795
3.00000004073762
3.00000003657020
3.00000003262044
3.00000002888281
3.00000002535155
3.00000002202076
3.00000001888441
3.00000001593636
3.00000001317046
3.00000001058053
3.00000000816040
3.00000000590396
3.00000000380513
3.00000000185791
3.00000000005642
2.99999999839482
2.99999999686741
2.99999999546858
2.99999999419283
2.99999999303475
2.99999999198906
2.99999999105057
2.99999999021422
2.99999998947501
2.99999998882811
2.99999998826874
2.99999998779226
2.99999998739413
2.99999998706994
2.99999998681536
2.99999998662622
2.99999998649845
2.99999998642811
2.99999998641140
2.99999998644463
2.99999998652426
2.99999998664690
2.99999998680929
2.99999998700828
2.99999998724090
2.99999998750430
2.99999998779578
2.99999998811274
2.99999998845276
2.99999998881351
2.99999998919279
2.99999998958855
2.99999998999882
2.99999999042176
2.99999999085562
2.99999999129878
2.99999999174967
2.99999999220686
2.99999999266898
2.99999999313475
2.99999999360297
2.99999999407252
2.99999999454234
2.99999999501145
2.99999999547895
2.99999999594398
2.99999999640576
2.99999999686355
2.99999999731669
2.99999999776457
2.99999999820662
2.99999999864234
2.99999999907128
2.99999999949301
2.99999999990719
3.00000000031347
3.00000000071160
3.00000000110133
3.00000000148245
3.00000000185480
3.00000000221824
3.00000000257268
3.00000000291803
3.00000000325424
3.00000000358129
3.00000000389918
3.00000000420792
3.00000000450755
3.00000000479813
3.00000000507971
3.00000000535239
3.00000000561625
3.00000000587141
3.00000000611798
3.00000000635609
3.00000000658587
3.00000000680745
3.00000000702100
3.00000000722667
3.00000000742460
3.00000000761498
3.00000000779796
3.00000000797372
3.00000000814243
3.00000000830427
3.00000000845943
3.00000000860807
3.00000000875038
3.00000000888655
3.00000000901675
3.00000000914117
3.00000000925999
3.00000000937339
3.00000000948154
3.00000000958463
3.00000000968283
3.00000000977631
3.00000000986524
3.00000000994979
3.00000001003011
3.00000001010637
3.00000001017873
3.00000001024734
3.00000001031235
3.00000001037390
3.00000001043214
3.00000001048720
3.00000001053922
3.00000001058833
3.00000001063465
3.00000001067832
3.00000001071944
3.00000001075814
3.00000001079453
3.00000001082871
3.00000001086079
3.00000001089088
3.00000001091907
3.00000001094545
3.00000001097012
3.00000001099316
3.00000001101467
3.00000001103471
3.00000001105338
3.00000001107073
3.00000001108686
3.00000001110182
3.00000001111568
3.00000001112851
3.00000001114037
3.00000001115131
3.00000001116140
3.00000001117067
3.00000001117919
3.00000001118700
3.00000001119415
3.00000001120068
3.00000001120663
3.00000001121204
3.00000001121694
3.00000001122138
3.00000001122538
3.00000001122898
3.00000001123221
3.00000001123509
3.00000001123766
3.00000001123993
3.00000001124193
3.00000001124369
3.00000001124521
3.00000001124654
3.00000001124767
3.00000001124863
3.00000001124944
3.00000001125011
3.00000001125065
3.00000001125108
3.00000001125141
3.00000001125165
3.00000001125182
3.00000001125192
3.00000001125196
3.00000001125194
3.00000001125189
3.00000001125179
3.00000001125167
3.00000001125153
3.00000001125137
3.00000001125119
3.00000001125101
3.00000001125083
3.00000001125063
3.00000001125045
3.00000001125027
3.00000001125009
3.00000001124993
3.00000001124977
3.00000001124963
3.00000001124951
3.00000001124940
3.00000001124931
3.00000001124924
3.00000001124918
3.00000001124915
3.00000001124913
3.00000001124913
3.00000001124916
3.00000001124920
3.00000001124926
3.00000001124935
3.00000001124945
3.00000001124957
3.00000001124971
3.00000001124986
3.00000001125004
3.00000001125023
3.00000001125044
3.00000001125066
3.00000001125090
3.00000001125115
3.00000001125141
3.00000001125169
3.00000001125198
3.00000001125227
3.00000001125258
3.00000001125290
3.00000001125323
3.00000001125356
3.00000001125390
3.00000001125425
3.00000001125461
3.00000001125496
3.00000001125532
3.00000001125569
3.00000001125607
3.00000001125645
3.00000001125682
3.00000001125720
3.00000001125758
3.00000001125796
3.00000001125833
3.00000001125871
3.00000001125909
3.00000001125947
3.00000001125984
3.00000001126022
3.00000001126059
3.00000001126095
3.00000001126130
3.00000001126166
3.00000001126201
3.00000001126237
3.00000001126271
3.00000001126305
3.00000001126338
3.00000001126371
3.00000001126405
3.00000001126436
3.00000001126467
3.00000001126498
3.00000001126529
3.00000001126558
3.00000001126587
3.00000001126616
3.00000001126644
3.00000001126671
3.00000001126697
3.00000001126724
3.00000001126749
3.00000001126774
3.00000001126798
3.00000001126823
3.00000001126845
3.00000001126867
3.00000001126890
3.00000001126912
3.00000001126932
3.00000001126952
3.00000001126972
3.00000001126991
3.00000001127009
3.00000001127027
3.00000001127044
3.00000001127062
3.00000001127078
3.00000001127093
3.00000001127109
3.00000001127124
3.00000001127139
3.00000001127152
3.00000001127165
3.00000001127179
3.00000001127192
3.00000001127204
3.00000001127215
3.00000001127226
3.00000001127237
3.00000001127248
3.00000001127259
3.00000001127268
3.00000001127277
3.00000001127286
3.00000001127295
3.00000001127304
3.00000001127312
3.00000001127320
3.00000001127327
3.00000001127334
3.00000001127340
3.00000001127347
3.00000001127354
3.00000001127360
3.00000001127367
3.00000001127373
3.00000001127378
3.00000001127382
3.00000001127387
3.00000001127391
3.00000001127395
3.00000001127400
3.00000001127404
3.00000001127409
3.00000001127413
3.00000001127418
3.00000001127422
3.00000001127425
3.00000001127428
3.00000001127430
3.00000001127432
3.00000001127434
3.00000001127436
3.00000001127439
3.00000001127441
3.00000001127443
3.00000001127445
3.00000001127447
3.00000001127450
3.00000001127452
3.00000001127454
3.00000001127456
3.00000001127459
3.00000001127461
3.00000001127463
3.00000001127465
3.00000001127467
3.00000001127470
3.00000001127472
3.00000001127473
3.00000001127473
3.00000001127473
3.00000001127473
3.00000001127473
3.00000001127473
3.00000001127473
3.00000001127473
3.00000001127473
3.00000001127473
3.00000001127473
3.00000001127473
3.00000001127473
3.00000001127473
3.00000001127473
3.00000001127473
3.00000001127473
3.00000001127473
3.00000001127473
3.00000001127473
3.00000001127473
3.00000001127473
3.00000001127473
3.00000001127473
3.00000001127473
3.00000001127473
3.00000001127473
3.00000001127473
3.00000001127473
3.00000001127473
3.00000001127473
3.00000001127473
3.00000001127473
3.00000001127473
3.00000001127473
3.00000001127473
3.00000001127473
3.00000001127473
3.00000001127473
3.00000001127473
3.00000001127473
3.00000001127473
3.00000001127473
3.00000001127473
3.00000001127473
3.00000001127473
3.00000001127473
3.00000001127473
3.00000001127473
3.00000001127473
3.00000001127473
3.00000001127473
3.00000001127473
3.00000001127473
3.00000001127473
3.00000001127473
3.00000001127473
3.00000001127473
3.00000001127473
3.00000001127473
3.00000001127473
3.00000001127473
3.00000001127473
3.00000001127473
3.00000001127473
3.00000001127473
3.00000001127473
3.00000001127473
3.00000001127473
3.00000001127473
3.00000001127473
3.00000001127473
3.00000001127473
3.00000001127473
3.00000001127473
3.00000001127473
3.00000001127473
3.00000001127473
3.00000001127473
3.00000001127473
3.00000001127474
3.00000001127474
3.00000001127474
3.00000001127474
3.00000001127474
3.00000001127474
3.00000001127474
3.00000001127474
3.00000001127474
3.00000001127474
3.00000001127474
3.00000001127474
3.00000001127474
3.00000001127474
3.00000001127474
3.00000001127474
3.00000001127474
3.00000001127474
3.00000001127474
3.00000001127474
3.00000001127474
3.00000001127474
3.00000001127474
3.00000001127474
3.00000001127474
3.00000001127474
3.00000001127474
3.00000001127474
3.00000001127474
3.00000001127474
3.00000001127474
3.00000001127474
3.00000001127474
3.00000001127474
3.00000001127474
3.00000001127474
3.00000001127474
3.00000001127474
3.00000001127474
3.00000001127474
3.00000001127474
3.00000001127474
3.00000001127474
3.00000001127474
3.00000001127474
3.00000001127474
3.00000001127474
3.00000001127474
3.00000001127474
3.00000001127474
3.00000001127474
3.00000001127474
3.00000001127474
3.00000001127474
3.00000001127474
3.00000001127474
3.00000001127474
3.00000001127474
3.00000001127474
3.00000001127474
3.00000001127474
3.00000001127474
3.00000001127474
3.00000001127474
3.00000001127474
3.00000001127474
3.00000001127474
3.00000001127474
3.00000001127474
3.00000001127474
3.00000001127475
3.00000001127475
3.00000001127475
3.00000001127475
3.00000001127475
3.00000001127475
3.00000001127475
3.00000001127475
3.00000001127475
3.00000001127475
3.00000001127475
3.00000001127475
3.00000001127475
3.00000001127475
3.00000001127475
3.00000001127475
3.00000001127475
3.00000001127475
3.00000001127475
3.00000001127475
3.00000001127475
3.00000001127475
3.00000001127475
3.00000001127475
3.00000001127475
3.00000001127475
3.00000001127475
3.00000001127475
3.00000001127475
3.00000001127475
3.00000001127475
3.00000001127475
3.00000001127475
3.00000001127475
3.00000001127475
3.00000001127475
3.00000001127475
3.00000001127475
3.00000001127475
3.00000001127475
3.00000001127475
3.00000001127475
3.00000001127475
3.00000001127475
3.00000001127475
3.00000001127475
3.00000001127475
3.00000001127475
3.00000001127475
3.00000001127475
3.00000001127475
3.00000001127475
3.00000001127475
3.00000001127475
3.00000001127475
3.00000001127475
3.00000001127475
3.00000001127475
3.00000001127475
3.00000001127475
3.00000001127475
3.00000001127475
3.00000001127475
3.00000001127475
3.00000001127475
3.00000001127475
3.00000001127475
3.00000001127475
3.00000001127475
3.00000001127475
3.00000001127475
3.00000001127475
3.00000001127475
3.00000001127475
3.00000001127475
3.00000001127475
3.00000001127475
3.00000001127475
3.00000001127475
3.00000001127475
3.00000001127475
3.00000001127475
3.00000001127475
3.00000003651620
3.00000741264912
3.00003215813104
3.00007144237227
3.00012485843037
3.00019079527850
3.00026693566280
3.00035176439866
3.00044765934804
3.00055743888046
3.00068316279507
3.00082640705993
3.00098792889007
3.00116807297813
3.00136970514817
3.00159542966738
3.00184649221778
3.00212353083219
3.00242651261752
3.00275516990864
3.00311190124176
3.00349886206686
3.00391686439999
3.00436689350079
3.00484895490472
3.00536269056683
3.00591020492918
3.00649356501151
3.00711323898924
3.00776991826442
3.00846331446023
3.00919273807554
3.00995986291115
3.01076663335838
3.01161326230493
3.01250025966881
3.01342717679494
3.01439312348736
3.01539945062398
3.01644802102912
3.01753884474031
3.01867227520804
3.01984773675105
3.02106418541544
3.02232271404687
3.02362510695258
3.02497123224213
3.02636131717102
3.02779468806525
3.02927018568268
3.03078870035508
3.03235194999202
3.03395966952151
3.03561196685927
3.03730809289819
3.03904680405120
3.04082885009573
3.04265587547919
3.04452752422996
3.04644381138280
3.04840393572897
3.05040660525290
3.05245249768955
3.05454318128692
3.05667824147685
3.05885763014997
3.06108051314845
3.06334558229945
3.06565351060051
3.06800579433883
3.07040197443094
3.07284195303528
3.07532487494708
3.07784943959529
3.08041637193960
3.08302708743515
3.08568108776162
3.08837822883205
3.09111763655934
3.09389803426736
3.09672024825630
3.09958558685093
3.10249351595712
3.10544385447524
3.10843570288064
3.11146782861545
3.11454120122444
3.11765698899734
3.12081462431152
3.12401389551096
3.12725387032488
3.13053339017854
3.13385360075573
3.13721549509862
3.14061847850144
3.14406231123742
3.14754602126483
3.15106856910751
3.15463128880849
3.15823497216235
3.16187899844161
3.16556308873624
3.16928622695880
3.17304755663430
3.17684858093623
3.18068985955931
3.18457075738006
3.18849094768667
3.19244936521724
3.19644542633727
3.20048073783379
3.20455560562442
3.20866939493832
3.21282171393941
3.21701145269631
3.22123841109386
3.22550418626384
3.22980883913596
3.23415173634241
3.23853239927419
3.24294970295782
3.24740393615554
3.25189654083457
3.25642733293540
3.26099571751759
3.26560110422142
3.27024242778265
3.27492051486550
3.27963650888218
3.28439000335189
3.28918045332787
3.29400713126127
3.29886918365908
3.30376789568517
3.30870402123904
3.31367696629638
3.31868622800539
3.32373093331864
3.32881067996620
3.33392695765320
3.33908011542276
3.34426942109255
3.34949438609312
3.35475403708183
3.36004866378828
3.36537960145585
3.37074684561573
3.37614959977080
3.38158730224307
3.38705906951534
3.39256591927173
3.39810875216998
3.40368724342072
3.40930062682117
3.41494819605300
3.42062953089964
3.42634603097959
3.43209811013196
3.43788514448819
3.44370644563228
3.44956118338280
3.45544979186232
3.46137345872586
3.46733220842338
3.47332519075003
3.47935175662428
3.48541126918210
3.49150493399289
3.49763337727185
3.50379627828472
3.50999272641591
3.51622200622325
3.52248427861061
3.52878078933134
3.53511169092849
3.54147627881403
3.54787373984047
3.55430348994349
3.56076663083202
3.56726381590576
3.57379486095222
3.58035878622589
3.58695486547348
3.59358334048163
3.60024538453022
3.60694112571876
3.61366995676708
3.62043091345089
3.62722359467550
3.63404916916275
3.64090813391590
3.64780029496563
3.65472464147568
3.66168043538019
3.66866830617728
3.67568919814815
3.68274312277448
3.68982944109797
3.69694709417753
3.70409612081591
3.71127771425704
3.71849208906841
3.72573893845082
3.73301715747207
3.74032627293850
3.74766740392450
3.75504104315502
3.76244704597236
3.76988458563596
3.77735271672369
3.78485228355985
3.79238407047447
3.79994802328571
3.80754360989148
3.81516965482067
3.82282660438654
3.83051547446569
3.83823629894173
3.84598871852478
3.85377161333498
3.86158494987843
3.86942989948623
3.87730658745150
3.88521472927889
3.89315339956207
3.90112214694654
3.90912221441396
3.91715381212525
3.92521668869111
3.93331009309234
3.94143332327895
3.94958760790580
3.95777322215160
3.96598992749881
3.97423707824793
3.98251390377457
3.99082155678255
3.99916034816044
4.00753003593684
4.01593001734801
4.02435958560060
4.03281980899374
4.04131098965207
4.04983286694419
4.05838484423154
4.06696637286006
4.07557843508448
4.08422127787193
4.09289460613073
4.10159780986645
4.11033058786363
4.11909381384547
4.12788764275653
4.13671172927247
4.14556545603146
4.15444884821569
4.16336261723198
4.17230680432092
4.18128099674048
4.19028463541681
4.19931810286904
4.20838185869258
4.21747582757545
4.22659951149915
4.23575258150356
4.24493563712373
4.25414886794413
4.26339207348126
4.27266468314236
4.28196685494758
4.29129906279445
4.30066130219740
4.31005322528766
4.31947435166995
4.32892538024369
4.33840636236230
4.34791717618817
4.35745732242864
4.36702683969192
4.37662645444545
4.38625586281774
4.39591481604138
4.40560287874453
4.41532081540645
4.42506872397726
4.43484622450635
4.44465290365734
4.45448902416669
4.46435528530985
4.47425121666597
4.48417644375527
4.49413083187375
4.50411524826931
4.51412960670983
4.52417329785009
4.53424605923046
4.54434864633067
4.55448134103519
4.56464350961626
4.57483472634984
4.58505559627025
4.59530661163449
4.60558735056945
4.61589712158325
4.62623644240411
4.63660591787077
4.64700529528668
4.65743377176205
4.66789175429470
4.67837991493902
4.68889805786425
4.69944544232165
4.71002235141712
4.72062948418250
4.73126663524425
4.74193317703716
4.75262935523074
4.76335581555864
4.77411230813948
4.78489832507249
4.79571419766683
4.80656040535185
4.81743663641315
4.82834256076016
4.83927862633093
4.85024506065069
4.86124148872847
4.87226792069516
4.88332475281775
4.89441195370542
4.90552916228676
4.91667684290147
4.92785506785832
4.93906361685733
4.95030243263956
4.96157216119993
4.97287245805550
4.98420307921858
4.99556457641965
5.00695715286330
5.01838023606480
5.02983407239720
5.04131930287424
5.05283551662035
5.06438243370334
5.07596086211899
5.08757077128326
5.09921158533427
5.11088397064695
5.12258814896008
5.13432370051662
5.14609090864745
5.15789017432694
5.16972119886907
5.18158421503491
5.19347950683710
5.20540687755102
5.21736674684802
5.22935912158828
5.24138391303825
5.25344171574707
5.26553234270494
5.27765579280642
5.28981275441677
5.30200292163584
5.31422646809237
5.32648396921104
5.33877513532930
5.35110038304704
5.36345993936384
5.37585388854198
5.38828254027264
5.40074597731111
5.41324473002905
5.42577863904610
5.43834829497616
5.45095388304532
5.46359552796666
5.47627379696695
5.48898882386039
5.50174099108460
5.51453071861094
5.52735833229913
5.54022422243026
5.55312894957112
5.56607283179029
5.57905645938600
5.59208043358011
5.60514520483281
5.61825159149573
5.63140016577749
5.64459183446099
5.65782743271796
5.67110795152619
5.68443464117157
5.69780873847076
5.71123205164896
5.72470657866942
5.73823562965139
5.75182303225082
5.76536658295129
5.77868294493117
5.79178454510236
5.80465504808031
5.81730099774998
5.82974685138940
5.84202041970705
5.85414333655904
5.86612741879406
5.87797574173118
5.88968572218929
5.90125206535933
5.91266896534395
5.92393275138782
5.93504271014378
5.94600033314719
5.95680801860620
5.96746919752018
5.97798748696305
5.98836644992130
5.99861969542059
6.00876189576950
6.01878727604311
6.02869598084455
6.03848807490031
6.04816472740000
6.05772925942811
6.06718663484441
6.07654361850026
6.08580782974345
6.09498685946689
6.10408721765806
6.11311502300594
6.12225193519353
6.13179934802539
6.14153953504119
6.15140071341320
6.16130547649266
6.17117787830477
6.18097119383627
6.19045643134574
6.19922315902529
6.20755766515631
6.21559219754799
6.22346944723075
6.23132647178288
6.23925037331232
6.24727006742657
6.25537061513479
6.26351371983779
6.27165570919348
6.27976044700014
6.28780563415375
6.29578286100757
6.30369348944553
6.31154396787332
6.31934186808406
6.32709306969524
6.33480050682180
6.34246511817824
6.35008754700060
6.35766909654290
6.36521190981128
6.37271938726068
6.38019635739936
6.38764834637488
6.39508055120899
6.40249768327077
6.40990413252566
6.41730357004525
6.42469840521518
6.43209011558903
6.43947980907452
6.44686806218074
6.45425448765818
6.46163809324657
6.46901786615574
6.47639260857249
6.48376050350774
6.49111946170569
6.49846776199042
6.50580389918688
6.51312613200622
6.52043275051965
6.52772272169455
6.53499547511490
6.54225038906303
6.54948690683296
6.55670518800443
6.56390583251499
6.57108934314959
6.57825608546850
6.58540699865914
6.59254329593630
6.59966596435012
6.60677557410081
6.61387309774165
6.62095962618399
6.62803594667970
6.63510221028943
6.64215888017175
6.64920648512057
6.65624530043552
6.66327486369218
6.67029503263548
6.67730578775477
6.68430700926062
6.69129783435715
6.69827776624993
6.70524654052038
6.71220397136197
6.71914916802265
6.72608160727652
6.73300109944498
6.73990766550242
6.74680066524874
6.75367973570668
6.76054490707790
6.76739648098148
6.77423414946381
6.78105769437412
6.78786731747351
6.79466349532617
6.80144617122419
6.80821513601895
6.81497061270025
6.82171307907125
6.82844260692790
6.83515886467317
6.84186196246549
6.84855225525691
6.85522985889572
6.86189428205091
6.86854546624907
6.87518361217165
6.88180886979652
6.88842065517408
6.89501875973377
6.90160327511644
6.90817441234325
6.91473162156640
6.92127459127923
6.92780337318971
6.93431825461475
6.94081883958091
6.94730474967567
6.95377603651970
6.96023304749367
6.96667560580262
6.97310328091273
6.97951611683932
6.98591447285192
6.99229839646827
6.99866741438334
7.00502152195767
7.01136103600637
7.01768617997798
7.02399646966775
7.03029179934779
7.03657240427537
7.04283861896432
7.04909000972397
7.05532633195454
7.06154773147821
7.06775458564539
7.07394658743449
7.08012334743174
7.08628492962705
7.09243170371057
7.09856354880066
7.10467996498612
7.11078093976694
7.11686680307051
7.12293763779218
7.12899290414848
7.13503250235780
7.14105670044424
7.14706576095937
7.15305919362522
7.15903678674079
7.16499873722721
7.17094542157672
7.17687648543677
7.18279158364255
7.18869083431965
7.19457465271873
7.20044288044165
7.20629504656544
7.21213118378491
7.21795167616734
7.22375657482013
7.22954533698937
7.23531788870484
7.24107453785653
7.24681552279078
7.25254031906310
7.25824872089371
7.26394094359155
7.26961735268616
7.27527754256781
7.28092115816864
7.28654832746666
7.29215946578134
7.29775436126840
7.30333252389275
7.30889398895306
7.31443915684112
7.31996804498276
7.32548008302623
7.33097520322647
7.33645373824609
7.34191591145151
7.34736116325593
7.35278929530818
7.35820054844608
7.36359529155872
7.36897307680823
7.37433355268851
7.37967686530274
7.38500344980582
7.39031304907046
7.39560516423944
7.40087984639717
7.40613752132010
7.41137816001509
7.41660116473045
7.42180648091658
7.42699446914909
7.43216531869534
7.43731841833392
7.44245358532516
7.44757108715827
7.45267127996586
7.45775363952616
7.46281783178113
7.46786402785730
7.47289267443286
7.47790342131778
7.48289577993324
7.48786982918199
7.49282602633085
7.49776424886304
7.50268388480897
7.50758491683594
7.51246774828474
7.51733249400979
7.52217848464315
7.52700558973608
7.53181412232189
7.53660439902098
7.54137578212254
7.54612800378665
7.55086128472156
7.55557606691632
7.56027183696184
7.56494817311459
7.56960520977001
7.57424343702075
7.57886253712053
7.58346194024326
7.58804169860800
7.59260228176663
7.59714360656079
7.60166498731853
7.60616638913886
7.61064821295826
7.61511060986724
7.61955283604648
7.62397475426487
7.62837667679407
7.63275894889438
7.63712084398295
7.64146210189084
7.64578295365662
7.65008386594559
7.65436420863326
7.65862358257002
7.66286214702234
7.66708042082955
7.67127793668768
7.67545415222504
7.67960916484299
7.68374348739317
7.68785685272905
7.69194858747917
7.69601872745828
7.70006773510201
7.70409556593017
7.70810144008790
7.71208532877568
7.71604763384833
7.71998850234049
7.72390709022573
7.72780329382052
7.73167744579088
7.73552985705624
7.73935966659118
7.74316668558602
7.74695119016853
7.75071360228318
7.75445309050412
7.75816937174208
7.76186267723044
7.76553349360745
7.76918105509843
7.77280498129788
7.77640546673713
7.77998302653560
7.78353698845894
7.78706687544693
7.79057285396809
7.79405544304922
7.79751407010448
7.80094816908330
7.80435788314187
7.80774371758348
7.81110520093574
7.81444168859582
7.81775330520424
7.82104053187349
7.82430298925113
7.82753996822987
7.83075157863511
7.83393828564062
7.83709976670832
7.84023526695892
7.84334488529698
7.84642906937675
7.84948753394186
7.85251949546039
7.85552504746112
7.85850462085106
7.86145794391355
7.86438422227764
7.86728354909226
7.87015634356037
7.87300231642385
7.87582067978012
7.87861153311799
7.88137528652881
7.88411160507567
7.88681972458251
7.88949975915876
7.89215210904891
7.89477636849688
7.89737181451033
7.89993858460307
7.90247705807264
7.90498674088228
7.90746697421889
7.90991792624257
7.91233994071300
7.91473242309068
7.91709479731082
7.91942727022614
7.92173012249008
7.92400266180651
7.92624441188989
7.92845562609183
7.93063648020768
7.93278620759765
7.93490444443535
7.93699149512883
7.93904737462070
7.94107128918727
7.94306299392381
7.94502283973241
7.94695061244094
7.94884556780843
7.95070758167152
7.95253702564670
7.95433341856037
7.95609613412775
7.95782516435207
7.95952084019457
7.96118241250519
7.96280944156000
7.96440203634311
7.96596037192690
7.96748352776227
7.96897126853067
7.97042381802646
7.97184103347890
7.97322201355332
7.97456669836477
7.97587539336866
7.97714750055799
7.97838236355869
7.97958005013632
7.98074082673916
7.98186366160134
7.98294828214659
7.98399485066556
7.98500334462469
7.98597256638495
7.98690260153668
7.98779401010826
7.98864909096919
7.98946742613822
7.99024938590171
7.99099543291960
7.99170630992353
7.99238333051773
7.99302766504049
7.99363116384752
7.99414997128069
7.99459803115712
7.99498311480921
7.99531328461544
7.99559902908106
7.99584939220715
7.99606954252319
7.99626160635618
7.99642580993269
7.99656105787246
7.99666588412185
7.99673944516202
7.99677885990008
7.99677882831907
7.99673715163002
7.99665317393365
7.99652756188308
7.99636210985551
7.99615925032123
7.99592182096947
7.99565344372073
7.99535557779807
7.99502955705141
7.99467643383754
7.99429471752105
7.99387934611405
7.99342772001410
7.99293867381004
7.99241236216556
7.99185017244398
7.99125423998171
7.99062702023044
7.98997164828065
7.98928946221232
7.98858137892943
7.98784802643750
7.98708806539050
7.98629609649187
7.98546885621621
7.98460465795444
7.98370315299255
7.98276530982417
7.98179297889092
7.98078841062078
7.97975465912213
7.97869330408048
7.97760534802140
7.97649160519525
7.97535145219586
7.97417997650573
7.97297389055101
7.97173160682521
7.97045281058000
7.96913847877163
7.96779048785100
7.96641110190883
7.96500333357013
7.96356902231588
7.96210915527870
7.96062455851895
7.95911498808173
7.95757588402651
7.95600362437929
7.95439642444985
7.95275371530031
7.95107620465838
7.94936554155697
7.94762380366265
7.94585375740613
7.94405738775029
7.94223559273254
7.94038917761102
7.93851818248337
7.93661856751093
7.93468645927514
7.93271998940253
7.93071847442185
7.92868249620252
7.92661361830187
7.92451388063149
7.92238591952876
7.92023197235848
7.91805296134812
7.91584974957125
7.91362263462151
7.91136820903677
7.90908238914471
7.90676321900759
7.90440989042374
7.90202282732249
7.89960345795863
7.89715372995586
7.89467608844034
7.89217292711191
7.88964515173485
7.88709361963500
7.88451875931659
7.88191779057261
7.87928643282108
7.87662260745340
7.87392537416381
7.87119499459456
7.86843275973280
7.86564053065416
7.86282058858374
7.85997545489476
7.85710607327695
7.85421331476746
7.85129771367255
7.84835714172898
7.84538722324024
7.84238576683466
7.83935173009455
7.83628523318410
7.83318743959171
7.83006012678228
7.82690541932695
7.82372591753493
7.82052264571367
7.81729646725522
7.81404797549390
7.81077564372314
7.80747508675029
7.80414396644168
7.80078113379212
7.79738656013254
7.79396126858433
7.79050693869620
7.78702556789838
7.78351975027370
7.77999061835393
7.77643901867667
7.77286557913416
7.76926930868169
7.76564593388496
7.76199295349231
7.75830912699152
7.75459428920593
7.75084932763198
7.74707582458869
7.74327567274072
7.73945140886438
7.73560430933867
7.73173519802893
7.72784472684843
7.72393235199171
7.71999403964951
7.71602710395253
7.71203022034071
7.70800309306563
7.70394647185300
7.69986183509638
7.69575098235483
7.69161634454299
7.68745936117695
7.68328082552813
7.67908140610786
7.67486091131746
7.67061565696837
7.66634275971304
7.66204081658819
7.65770940904162
7.65334915019213
7.64896141149692
7.64454791033991
7.64011094061780
7.63565211339907
7.63117219273281
7.62667186194457
7.62215118795594
7.61760693770023
7.61303603160246
7.60843699270912
7.60380928920661
7.59915339992608
7.59447058645339
7.58976248929690
7.58503124867622
7.58027863718144
7.57550539710408
7.57071222360258
7.56589936499084
7.56106410032892
7.55620317460038
7.55131503600850
7.54639904809062
7.54145555805204
7.53648571502444
7.53149108354802
7.52647364813165
7.52143531611144
7.51637682361856
7.51129887338530
7.50620183414441
7.50108352481082
7.49594055744999
7.49077130070270
7.48557502294750
7.48035194407535
7.47510309946143
7.46982997609294
7.46453439738777
7.45921838244413
7.45388268718293
7.44852801385930
7.44315480424769
7.43776141175548
7.43234438100728
7.42690198886537
7.42143341711654
7.41593876283347
7.41041894638507
7.40487537387799
7.39930974041092
7.39372410557598
7.38811927448697
7.38249594241421
7.37685459373558
7.37119407871730
7.36551095907183
7.35980340724621
7.35407052833517
7.34831230290915
7.34252953622745
7.33672355002963
7.33089592713396
7.32504871853307
7.31918280656458
7.31329887131587
7.30739741965078
7.30147773447733
7.29553649749550
7.28957175883333
7.28358255583864
7.27756875937253
7.27153105981950
7.26547069119729
7.25938913873582
7.25328839966368
7.24716945817762
7.24103297195424
7.23487946152491
7.22870856471230
7.22251718249058
7.21630322888226
7.21006568134006
7.20380430859962
7.19751968761843
7.19121296224493
7.18488553263592
7.17853930499374
7.17217538234900
7.16579439521176
7.15939687365421
7.15298272692150
7.14654916904368
7.14009397024689
7.13361605443831
7.12711509639369
7.12059156174716
7.11404650201694
7.10748123950713
7.10089754991233
7.09429668372422
7.08767923799331
7.08104575082777
7.07439632504987
7.06772856037506
7.06104008720699
7.05432977874495
7.04759722386491
7.04084277970123
7.03406740394864
7.02727234907748
7.02045925866480
7.01362949869370
7.00678364529677
6.99992224197693
6.99304552216748
6.98615151402412
6.97923773165350
6.97230299905867
6.96534682850720
6.95836947275493
6.95137179473321
6.94435497803239
6.93732053351886
6.93026991942476
6.92320370283471
6.91612242902563
6.90902641353122
6.90191412518742
6.89478300136448
6.88763181379212
6.88046000694647
6.87326773400734
6.86605576297068
6.85882520748572
6.85157744267657
6.84431399895438
6.83703545375079
6.82974234760442
6.82243503914889
6.81511242334308
6.80777192223957
6.80041224538234
6.79303277794177
6.78563357873304
6.77821532074707
6.77077904529065
6.76332601760418
6.75585778423489
6.74837495453139
6.74087805924946
6.73336747990196
6.72584249388561
6.71830057964975
6.71074037606420
6.70316121807776
6.69556307690732
6.68794653190514
6.68031255003450
6.67266229967467
6.66499730538913
6.65731822815519
6.64962558256111
6.64191976038130
6.63420036237656
6.62646500081326
6.61871223374885
6.61094135403638
6.60315225239705
6.59534541648897
6.58752173741870
6.57968229456695
6.57182855265529
6.56396125488830
6.55608088985867
6.54818785301289
6.54028199407365
6.53236114609923
6.52442377498267
6.51646913835263
6.50849705384603
6.50050791955691
6.49250254920767
6.48448194853520
6.47644749527200
6.46840001294240
6.46033996496422
6.45226774877803
6.44418339714407
6.43608502469771
6.42797100757491
6.41984057464410
6.41169347886893
6.40353003245563
6.39535097131163
6.38715723409769
6.37895009433419
6.37073045541909
6.36249875584103
6.35425539371481
6.34600052281910
6.33773258622045
6.32944988103630
6.32115161117542
6.31283747330769
6.30450769783116
6.29616294271622
6.28780408273362
6.27943226971212
6.27104849168960
6.26265316386686
6.25424668314833
6.24582927396459
6.23739972937795
6.22895629267293
6.22049814277558
6.21202492824519
6.20353680235302
6.19503434555390
6.18651837060221
6.17798991967502
6.16945002811354
6.16089910107077
6.15233753109149
6.14376558101940
6.13518238417033
6.12658617110632
6.11797609457693
6.10935176378542
6.10071326076709
6.09206108980724
6.08339600107726
6.07471892734105
6.06603093258930
6.05733242575927
6.04862378975625
6.03990530284206
6.03117640803189
6.02243537584168
6.01368132715385
6.00491383970621
5.99613293044105
5.98733902929930
5.97853282298809
5.96971515435201
5.96088707541215
5.95204901240581
5.94320133481866
5.93434432375638
5.92547768462436
5.91659978712372
5.90770971562652
5.89880702480448
5.88989167369346
5.88096402058296
5.87202468805652
5.86307443891864
5.85411428618076
5.84514468472770
5.83616598615921
5.82717846719967
5.81818203514878
5.80917522557092
5.80015707991748
5.79112713743504
5.78208530670378
5.77303187730607
5.76396740716705
5.75489258498692
5.74580835897448
5.73671522997154
5.72761352532891
5.71850351709552
5.70938525716048
5.70025749308871
5.69111922453726
5.68196998139487
5.67280962939307
5.66363839363639
5.65445676821726
5.64526537860567
5.63606509261998
5.62685645108293
5.61763975811140
5.60841528008588
5.59918315556015
5.58994238777007
5.58069194162665
5.57143134339615
5.56216042430802
5.55287934942678
5.54358854951059
5.53428859028016
5.52498024395295
5.51566409617919
5.50634042614492
5.49700949431949
5.48767148770881
5.47832567340488
5.46897100061765
5.45960699514308
5.45023346146181
5.44085051007521
5.43145851035989
5.42205797222593
5.41264957679522
5.40323393150127
5.39381129718700
5.38438192644546
5.37494602091765
5.36550310882123
5.35605215394581
5.34659268304992
5.33712448230233
5.32764761349891
5.31816238641279
5.30866925561891
5.29916880973776
5.28966166691745
5.28014807502793
5.27062827585131
5.26110247099772
5.25157041781146
5.24203113209426
5.23248414134592
5.22292922088463
5.21336639038167
5.20379590317273
5.19421815930308
5.18463366841059
5.17504303100982
5.16544648971797
5.15584427269555
5.14623656893425
5.13662332367791
5.12700365268096
5.11737708209723
5.10774338444665
5.09810254432719
5.08845476175346
5.07880038221416
5.06913984092575
5.05947370330178
5.04980221501811
5.04012558659841
5.03044399321851
5.02075751697687
5.01106541323182
5.00136720734579
4.99166267586380
4.98195177567795
4.97223465788464
4.96251161468081
4.95278301783839
4.94304937862611
4.93331094689914
4.92356791391762
4.91382043974106
4.90406868917003
4.89431210014444
4.88455019868936
4.87478277243720
4.86500975838752
4.85523126316394
4.84544752668194
4.83565886145114
4.82586571156773
4.81606833477833
4.80626690015319
4.79646155500607
4.78665250411059
4.77683938416034
4.76702173197801
4.75719935179234
4.74737216836295
4.73754024941942
4.72770378496888
4.71786303422344
4.70801836938612
4.69817004638362
4.68831821326316
4.67846300491401
4.66860462689085
4.65874292536206
4.64887746325514
4.63900806630871
4.62913465503868
4.61925726396998
4.60937603539607
4.59949117736585
4.58960298674114
4.57971171195960
4.56981748007155
4.55992041329633
4.55002069751787
4.54011836914791
4.53021304247807
4.52030456797103
4.51039286941691
4.50047795462888
4.49055992152585
4.48063892920106
4.47071520499280
4.46078897296177
4.45086034199652
4.44092942004603
4.43099636168358
4.42106136038011
4.41112411384873
4.40118449956149
4.39124245215657
4.38129795964508
4.37135107928455
4.36140192239014
4.35145065048608
4.34149745190986
4.33154241872784
4.32158564260801
4.31162724555094
4.30166753149874
4.29170631406195
4.28174350017196
4.27177904227975
4.26181291590275
4.25184514224664
4.24187578652171
4.23190495136567
4.22193277614053
4.21195933657829
4.20198470630465
4.19200897504996
4.18203250769307
4.17205526725122
4.16207719258726
4.15209826088873
4.14211844267975
4.13213772791545
4.12215613737372
4.11217372063970
4.10219055874978
4.09220670790065
4.08222222277370
4.07223716605130
4.06225191605247
4.05226660514923
4.04228121136024
4.03229574291819
4.02231017306676
4.01232446624594
4.00233860141730
3.99235257889051
3.98236641756149
3.97238014816801
3.96239380597279
3.95240743051259
3.94242137150264
3.93243594278543
3.92245117162143
3.91246710311868
3.90248372070893
3.89250096407447
3.88251876586197
3.87253707623481
3.86255585126820
3.85257508722120
3.84259480217369
3.83261501857925
3.82263602353938
3.81265829421491
3.80268192523468
3.79270700373095
3.78273353344560
3.77276144992438
3.76279066198051
3.75282108255006
3.74285261513492
3.73288521076841
3.72291886859706
3.71295359074199
3.70298959642383
3.69302749684781
3.68306747528765
3.67310966401634
3.66315409164831
3.65320068838836
3.64324933318557
3.63329989710514
3.62335223262956
3.61340623465565
3.60346188444297
3.59351916576524
3.58357822618113
3.57363977597398
3.56370411604322
3.55377142806922
3.54384177240400
3.53391508012148
3.52399120344615
3.51406997152299
3.50415119152258
3.49423468912592
3.48432042509888
3.47440836292547
3.46449858633207
3.45459184828538
3.44468859447138
3.43478906040881
3.42489334428030
3.41500138521971
3.40511301378924
3.39522801909255
3.38534616572461
3.37546720669500
3.36559107750820
3.35571772081889
3.34584716324116
3.33598014884261
3.32611729489997
3.31625889622144
3.30640509580935
3.29655584878926
3.28671096968477
3.27687020993839
3.26703329615090
3.25719990559229
3.24736993913841
3.23754331914700
3.22772002747886
3.21790074945170
3.20808628435092
3.19827699682018
3.18847308063397
3.17867451466508
3.16888110372630
3.15909256476530
3.14930858569628
3.13952877323174
3.12975298258463
3.11998111607251
3.11021311873259
3.10044957610378
3.09069147301467
3.08093925625449
3.07119317623275
3.06145324336696
3.05171925928656
3.04199090988868
3.03226784589772
3.02254961176660
3.01283599806394
3.00312688992148
2.99342220322478
2.98372240192911
2.97402863016710
2.96434143882959
2.95466114043344
2.94498778466833
2.93532117746954
2.92566097821664
2.91600679873096
2.90635813067654
2.89671468767127
2.88707633759853
2.87744297044344
2.86781491578638
2.85819344289545
2.84857923055654
2.83897265818491
2.82937382206782
2.81978253978751
2.81019844876529
2.80062112198429
2.79105001275391
2.78148473570766
2.77192514332118
2.76237110078536
2.75282281260555
2.74328161097027
2.73374833317971
2.72422343094569
2.71470705429415
2.70519904069997
2.69569901142658
2.68620650070875
2.67672092859447
2.66724180699890
2.65776896830367
2.64830225239324
2.63884174958341
2.62938879349406
2.61994440842355
2.61050912331365
2.60108314856390
2.59166634950207
2.58225833699880
2.57285860809271
2.56346656038651
2.55408159147270
2.54470350719925
2.53533212212168
2.52596743468943
2.51661070982173
2.50726318097106
2.49792546282547
2.48859783258299
2.47928019202430
2.46997214861488
2.46067316529916
2.45138261401901
2.44209978855434
2.43282445536272
2.42355640389188
2.41429555745973
2.40504305343528
2.39580034772326
2.38656815014217
2.37734681054412
2.36813627532555
2.35893615544833
2.34974588340525
2.34056480928399
2.33139212945127
2.32222755029896
2.31307083945255
2.30392186386230
2.29478158726860
2.28565167770400
2.27653295791772
2.26742585617611
2.25833037195977
2.24924612777174
2.24017253046961
2.23110890170693
2.22205435947360
2.21300853192290
2.20397116628406
2.19494208502093
2.18592204746670
2.17691291062613
2.16791563006581
2.15893071747972
2.14995823326400
2.14099781931879
2.13204886179695
2.12311065351855
2.11418225525173
2.10526318445001
2.09635317383740
2.08745201005164
2.07856024302466
2.06967986201793
2.06081198597027
2.05195721531262
2.04311567920139
2.03428704780985
2.02547069269548
2.01666587260553
2.00787160774908
1.99908729201610
1.99031264243168
1.98154741345129
1.97279195478343
1.96404831868890
1.95531781852486
1.94660114809911
1.93789851227871
1.92920961822105
1.92053382934348
1.91187036979397
1.90321824311699
1.89457669020776
1.88594541403330
1.87732413756330
1.86871303100835
1.86011413086833
1.85152897787992
1.84295836536910
1.83440258105748
1.82586137811864
1.81733411864605
1.80881999146352
1.80031798613532
1.79182719631489
1.78334730078785
1.77487799108041
1.76641929233871
1.75797313500804
1.74954131232071
1.74112472474839
1.73272374861272
1.72433819229449
1.71596742466292
1.70761060243998
1.69926671471245
1.69093470016409
1.68261420008420
1.67430487592703
1.66600663341906
1.65772122430564
1.64945071147414
1.64119611311781
1.63295790064088
1.62473594669630
1.61652963463736
1.60833809273552
1.60016029908732
1.59199506290602
1.58384196673629
1.57570064367438
1.56757091066469
1.55945427680182
1.55135306666256
1.54326843256025
1.53520094577882
1.52715055204349
1.51911665821998
1.51109836994074
1.50309465123762
1.49510420226100
1.48712652186538
1.47916121826674
1.47120804099678
1.46326821645019
1.45534430294347
1.44743760919656
1.43954881141358
1.43167793691622
1.42382442513233
1.41598736501800
1.40816570629203
1.40035806730205
1.39256382198134
1.38478256198297
1.37701398443313
1.36925901623902
1.36152039724540
1.35379962257989
1.34609747875504
1.33841408310156
1.33074891705712
1.32310105936322
1.31546943407025
1.30785260677705
1.30024980590342
1.29266060733795
1.28508466553714
1.27752261673700
1.26997730031845
1.26245043277200
1.25494291500341
1.24745496159103
1.23998610578513
1.23253542369376
1.22510180995751
1.21768380287885
1.21028046064715
1.20289134490369
1.19551607114176
1.18815501079301
1.18081100792545
1.17348603718633
1.16618111910194
1.15889657247827
1.15163199223160
1.14438645969764
1.13715883870748
1.12994767268571
1.12275181327969
1.11557080892985
1.10840423699926
1.10125224203568
1.09411757003852
1.08700248896166
1.07990814636072
1.07283497217198
1.06578263305686
1.05875022392977
1.05173657692766
1.04474024063179
1.03775987609735
1.03079500278928
1.02384516055150
1.01691031194079
1.00999300171781
1.00309581352253
0.99622003088819
0.98936620019603
0.98253406968027
0.97572275713995
0.96893106695220
0.96215755618725
0.95540070560820
0.94865998716572
0.94193490474789
0.93522528048700
0.92853337210872
0.92186208273920
0.91521284665968
0.90858633195171
0.90198237814293
0.89540013563426
0.88883838671666
0.88229570440171
0.87577040182899
0.86926187048032
0.86276958437598
0.85629325773549
0.84983479960990
0.84339741646797
0.83698271449725
0.83059148918244
0.82422368090482
0.81787848245462
0.81155466026099
0.80525078417593
0.79896504462308
0.79269672054531
0.78644525990981
0.78021029672533
0.77399335374468
0.76779789425244
0.76162572316198
0.75547776726826
0.74935407637309
0.74325389599556
0.73717598418493
0.73111890004555
0.72508074738527
0.71906065572816
0.71305805321398
0.70707251282052
0.70110516480964
0.69515965050505
0.68923800992252
0.68334130542016
0.67746970446251
0.67162251609602
0.66579849815199
0.65999619141104
0.65421364993649
0.64844981768067
0.64270410810182
0.63697604368149
0.63126638401817
0.62557884346481
0.61991573867717
0.61427827204869
0.60866673619518
0.60308051462750
0.59751837375511
0.59197883213125
0.58645994134811
0.58096040449747
0.57547962878563
0.57001709011638
0.56457321794651
0.55915168192913
0.55375511794699
0.54838487500605
0.54304137830250
0.53772409689504
0.53243181491828
0.52716302187168
0.52191578045165
0.51668855894065
0.51148074636923
0.50629177389685
0.50112179067966
0.49597430013886
0.49085229132497
0.48575726626153
0.48068978841725
0.47564942300274
0.47063498166376
0.46564492575273
0.46067734211200
0.45573046401804
0.45080364848202
0.44589628295684
0.44100829128101
0.43614289398784
0.43130345634930
0.42649164419930
0.42170816487734
0.41695269046274
0.41222407046690
0.40752074218911
0.40284081901564
0.39818231528992
0.39354453205439
0.38892681552681
0.38432891812847
0.37975367804557
0.37520483555463
0.37068423762162
0.36619274028725
0.36173013297617
0.35729531422255
0.35288670408320
0.34850243741965
0.34414034010816
0.33979962366886
0.33547959784731
0.33117988556455
0.32690287441330
0.32265265226881
0.31843127103644
0.31423974005795
0.31007797597858
0.30594493754387
0.30183903528862
0.29775841619913
0.29370075813874
0.28966514194289
0.28565084782925
0.28165740312879
0.27768670912185
0.27374313809513
0.26982898034250
0.26594540260354
0.26209245803749
0.25826917736830
0.25447397034218
0.25070499322223
0.24695982605731
0.24323735205345
0.23953683668282
0.23585773336551
0.23220145543588
0.22857256660011
0.22497363805918
0.22140599912212
0.21786984857294
0.21436430108811
0.21088777468307
0.20743841341925
0.20401374984933
0.20061244063363
0.19723373775432
0.19387703457787
0.19054328460882
0.18723711933771
0.18396143575431
0.18071772907443
0.17750635095722
0.17432651200933
0.17117664872115
0.16805488501719
0.16495874759066
0.16188663167520
0.15883777819957
0.15581152644200
0.15280841887964
0.14983301823556
0.14688859326969
0.14397681051341
0.14109818153905
0.13825202483943
0.13543680580105
0.13265062343036
0.12989102920867
0.12715613646187
0.12444516986117
0.12175741676139
0.11909307615929
0.11645649229634
0.11385134625623
0.11127948372624
0.10874158228853
0.10623708042990
0.10376448387285
0.10132186677389
0.09890682275197
0.09651718202362
0.09415213749126
0.09181092582408
0.08949347029755
0.08720376111167
0.08494591527884
0.08272196975313
0.08053277362268
0.07837789712320
0.07625589813534
0.07416483015752
0.07210233281689
0.07006597234149
0.06805488245313
0.06606825212480
0.06410579166798
0.06217102459119
0.06026850260133
0.05840047238612
0.05656795941586
0.05477067701465
0.05300724753454
0.05127571113419
0.04957374713982
0.04789869470357
0.04624958928731
0.04462557789685