1.2088	0.0462825	1.0309	0.0323921	1.22983	0.0822591	0.823251	0.259231
2.23733	0.408782	2.06028	0.0971443	2.44731	0.236418	1.63259	0.66482
3.12295	1.06764	3.08711	0.194193	3.57919	0.777851	2.60594	1.28166
4.04407	1.43264	4.11039	0.323442	4.50561	1.11074	3.74491	1.5129
5.01741	1.73891	5.12911	0.484763	5.3663	1.33747	4.72504	1.65911
5.84499	1.75167	6.14226	0.677999	6.2565	1.55832	5.66922	1.84087
6.79006	1.89341	7.14884	0.902958	7.26622	1.81786	6.73858	2.07165
7.65026	2.33587	8.14786	1.15942	8.17969	2.27457	7.57028	2.54942
8.52592	2.64622	9.13833	1.44713	8.95045	2.75376	8.29874	3.03195
9.75362	3.05689	10.1193	1.7658	9.90039	2.99225	9.31023	3.26916
10.5573	3.58356	11.0897	2.11512	10.6627	3.3627	9.81413	3.7654
11.5428	3.887	12.0487	2.49475	11.7281	3.69487	11.1729	3.9906
12.4158	4.41094	12.9953	2.90431	12.8644	4.21323	12.1376	4.57626
13.0354	5.22047	13.9286	3.34339	13.8827	4.64347	13.107	5.04704
13.7724	5.79549	14.8477	3.81157	14.7521	5.55799	13.5991	6.07265
14.3637	6.53101	15.7515	4.30839	15.4564	5.57309	14.1427	6.21442
14.8098	7.31547	16.6394	4.83334	16.2002	6.6878	14.6663	7.37482
15.489	8.37092	17.5103	5.38592	16.9486	7.53825	15.8578	8.05408
15.8279	9.24558	18.3634	5.96557	17.3913	8.59119	16.4633	8.97823
16.423	10.0741	19.1979	6.57173	17.3885	9.64579	16.5111	9.95582
17.0299	11.0161	20.0129	7.2038	17.0354	10.9501	16.8813	10.9576
17.8889	11.7912	20.8077	7.86116	16.3613	12.6245	17.4874	12.1095
18.6979	12.5392	21.5814	8.54315	15.7948	13.9947	18.4889	12.712
19.4679	13.0891	22.3334	9.24911	15.1396	14.9348	18.929	13.0693
20.1265	13.7009	23.0628	9.97833	14.453	16.3181	19.6847	13.7433
20.8746	14.4594	23.769	10.7301	13.9825	17.6986	20.7182	14.3209
21.5695	15.2067	24.4512	11.5037	13.6339	19.2413	21.4843	15.2809
22.2588	16.0221	25.1087	12.2983	13.5651	20.614	22.0333	16.32
22.8121	16.8916	25.741	13.1132	13.6382	21.3921	22.4159	16.9029
23.3328	17.8518	26.3474	13.9475	13.9313	22.7311	23.2533	18.0416
23.9949	18.731	26.9272	14.8005	14.2641	23.2696	23.6524	18.5213
24.5749	19.4745	27.48	15.6712	14.7687	24.4749	24.4132	19.7086
25.2091	19.976	28.0052	16.5589	15.49	24.9017	25.1241	20.1428
25.9399	20.8046	28.5023	17.4627	16.6182	25.3223	25.8993	20.8233
26.6842	21.44	28.9707	18.3816	18.1776	25.4009	26.4613	21.5226
27.6688	21.9956	29.41	19.3147	20.3449	24.7914	27.3526	21.7361
28.5917	22.7274	29.8198	20.2613	22.9145	24.7206	28.8358	22.185
29.5041	23.2915	30.1997	21.2202	24.8813	24.882	29.1234	23.1126
30.335	24.0233	30.5493	22.1905	26.8516	25.2428	30.1286	23.951
31.1101	24.7128	30.8682	23.1714	28.727	25.6395	31.1211	24.7565
31.9351	25.3512	31.1562	24.1618	30.1427	25.9162	31.3737	25.4821
32.9106	25.9658	31.4129	25.1607	31.7165	25.9854	32.4792	25.7988
33.8473	26.4598	31.6381	26.1673	33.2674	26.6087	33.7243	26.4768
34.613	26.9981	31.8316	27.1804	34.3274	27.1934	34.0041	27.2529
35.3289	27.8007	31.9932	28.199	35.4116	27.7137	34.933	27.8512
36.088	28.3049	32.1227	29.2223	36.1612	28.3776	35.3301	28.5662
36.8281	28.9541	32.22	30.2491	36.9992	28.7138	36.3867	28.8677
37.4352	29.5817	32.285	31.2784	37.6979	29.6652	36.9891	29.7682
38.1545	30.1134	32.3177	32.3093	38.2426	30.2529	37.7596	30.2846
38.824	30.7479	32.3179	33.3407	38.8822	30.9505	38.6671	30.9136
39.5423	31.3558	32.3506	34.3716	39.4359	31.7544	39.3498	31.6632
40.4559	32.0239	32.4156	35.401	39.9041	32.3002	39.841	32.1789
41.329	32.4101	32.5129	36.4278	40.8168	32.7404	41.2143	32.5741
42.2095	32.9121	32.6424	37.4511	41.9823	32.6144	42.2903	32.5516
42.9099	33.4501	32.804	38.4697	43.1589	33.5142	43.0884	33.459
43.7718	34.0612	32.9975	39.4828	43.8828	34.0279	43.6646	33.9797
44.681	34.425	33.2227	40.4894	44.7949	34.5532	44.7058	34.4892
45.4745	34.9194	33.4795	41.4883	45.665	34.7237	45.2952	34.7352
46.4862	35.5148	33.7674	42.4787	46.6503	35.2069	46.1889	35.2454
47.4073	35.9715	34.0864	43.4596	47.712	35.7723	47.3233	35.7964
48.3512	36.3499	34.4359	44.4299	48.4651	36.5137	47.9348	36.4918
49.4321	36.9056	34.8158	45.3888	49.2969	37.0224	49.0917	36.9698
50.3473	37.1085	35.2256	46.3353	50.2745	37.3381	50.2951	37.2843
51.268	37.2778	35.6649	47.2685	51.2044	37.3567	51.0439	37.3595
52.2066	37.6282	36.1334	48.1874	52.1604	37.491	51.8156	37.5304
53.2665	37.8982	36.6304	49.0912	53.1629	38.2573	52.8381	38.1937
54.4243	38.2239	37.1556	49.9789	54.1119	38.5324	53.9436	38.4766
55.586	38.5434	37.7084	50.8496	55.3845	38.9771	55.4959	38.9296
56.6325	38.9651	38.2883	51.7026	56.4391	39.2869	56.4795	39.243
57.841	38.9874	38.8946	52.5369	57.3957	39.1533	57.3919	39.1634
58.9966	38.8795	39.5269	53.3518	58.6008	39.0958	58.6265	39.1263
60.0381	39.0998	40.1845	54.1464	59.8176	39.1282	59.8951	39.1399
61.2294	39.0891	40.8667	54.92	61.0623	39.1991	61.2547	39.1714
62.2572	39.015	41.5728	55.6718	62.1685	39.1041	62.3479	39.0707
63.1551	38.8217	42.3022	56.401	63.1317	38.9856	63.152	38.948
64.11	38.6248	43.0542	57.1069	63.9573	38.7117	63.7905	38.7086
64.9776	38.2175	43.8279	57.7889	64.8574	38.1655	64.7639	38.2345
65.8048	37.9893	44.6227	58.4463	65.6188	37.7498	65.4107	37.8317
66.8102	37.5352	45.4378	59.0784	66.6624	37.5761	66.6083	37.5942
67.6345	36.8306	46.2723	59.6845	67.7948	37.603	67.8461	37.529
68.7306	36.2105	47.1254	60.2642	68.753	36.4032	68.8144	36.5319
69.5585	35.6616	47.9963	60.8168	69.4524	35.6989	69.1989	35.87
70.5315	35.2624	48.8841	61.3417	70.4985	35.4649	70.28	35.584
71.3684	34.7217	49.788	61.8385	71.3623	35.0724	71.224	35.1765
72.2358	34.1909	50.707	62.3067	72.2121	34.0977	72.1966	34.2568
72.981	33.3711	51.6403	62.7458	72.9964	33.4126	72.8209	33.5596
73.642	32.8759	52.5869	63.1553	73.7665	32.7437	73.5046	32.8991
74.5364	32.5252	53.5459	63.535	74.7625	32.3991	74.5429	32.5209
75.3091	32.1604	54.5164	63.8843	75.6265	32.1887	75.3383	32.2783
76.4171	31.8431	55.4973	64.203	76.5037	31.5056	76.3054	31.6427
77.4175	31.4595	56.4878	64.4907	77.4256	31.2728	77.2029	31.3659
78.4522	30.9415	57.4868	64.7471	78.5277	31.1714	78.3982	31.1945
79.4181	30.5426	58.4934	64.9721	79.521	30.5004	79.4908	30.5981
80.2455	29.9958	59.5065	65.1653	80.2342	29.5073	80.088	29.7139
81.2889	29.5345	60.5252	65.3267	81.1329	29.3324	80.979	29.4641
82.0976	28.9007	61.5485	65.4559	81.9622	28.7861	81.8663	28.9039
82.984	28.3722	62.5754	65.553	82.7601	28.4201	82.6905	28.5027
83.6685	27.4518	63.6047	65.6177	83.5857	27.6338	83.5858	27.7421
84.1651	26.6181	64.6356	65.6501	84.3243	27.1062	84.2283	27.1996
84.8671	26.0114	65.667	65.6501	84.8125	26.05	84.6788	26.2246
85.6304	25.2614	66.6979	65.6177	85.5833	24.8823	85.5462	25.0578
86.2502	24.503	67.7273	65.553	86.189	24.3149	86.0783	24.4915
87.013	23.6892	68.7542	65.4559	87.0251	24.2253	86.8908	24.3559
87.7076	22.9977	69.7774	65.3267	87.6521	22.951	87.5795	23.143
88.4644	22.3726	70.7961	65.1653	88.4525	22.0598	88.4038	22.2355
89.0225	21.6682	71.8093	64.9721	89.1222	21.6775	88.9492	21.8293
89.8637	21.0347	72.8159	64.7471	89.9306	21.204	89.8024	21.3317
90.6904	20.3621	73.8149	64.4907	90.621	20.3967	90.4423	20.5355
91.5492	19.6886	74.8054	64.203	91.6287	19.7074	91.5618	19.8364
92.4853	19.0703	75.7863	63.8843	92.4902	18.9058	92.4739	19.0647
93.1646	18.3083	76.7568	63.535	93.2532	18.5484	93.1592	18.669
93.7528	17.5455	77.7158	63.1553	93.7006	18.0205	93.4539	18.1323
94.5377	16.713	78.6624	62.7458	94.4865	17.074	94.4452	17.2266
95.1783	15.9499	79.5956	62.3067	95.3889	16.1023	95.3703	16.2537
95.973	15.3705	80.5147	61.8385	96.0447	15.3174	95.8289	15.4552
96.8058	14.7454	81.4185	61.3417	96.9745	14.9234	96.7621	15.0356
97.5992	14.1815	82.3064	60.8168	97.7108	14.8079	97.4267	14.8815
98.4826	13.707	83.1773	60.2642	98.5894	14.0396	98.4875	14.1737
99.3631	13.1312	84.0304	59.6845	99.3407	13.6468	99.2144	13.7597
100.2	12.4227	84.8649	59.0784	100.192	12.4887	100.269	12.7093
100.86	11.5732	85.6799	58.4463	100.822	11.6272	100.754	11.827
101.481	10.8847	86.4747	57.7889	101.514	10.9943	101.497	11.1913
102.003	10.017	87.2485	57.107	101.961	9.91916	101.918	10.1358
102.659	9.10147	88.0004	56.401	102.453	8.60108	102.54	8.85501
103.183	8.26631	88.7298	55.6718	102.884	7.69654	102.963	7.96309
103.435	7.2364	89.436	54.92	103.507	6.91469	103.523	7.14795
103.751	6.04158	90.1182	54.1464	103.628	5.91418	103.49	6.11335
104.179	5.04506	90.7757	53.3518	104.016	5.17855	104.042	5.43123
104.577	4.20146	91.408	52.5369	104.436	4.00415	104.458	4.23474
104.965	3.29577	92.0144	51.7026	104.884	3.35365	104.945	3.62768
105.489	2.32574	92.5943	50.8496	105.41	1.98486	105.605	2.2854
105.643	1.22893	93.1471	49.9789	105.428	1.20267	105.458	1.50047
105.592	0.295831	93.6722	49.0912	105.574	0.050864	105.645	0.340509
105.555	-0.863853	94.1693	48.1874	105.63	-0.927549	105.701	-0.630972
105.546	-1.84575	94.6377	47.2685	105.77	-1.8175	105.851	-1.5059
105.532	-2.73874	95.077	46.3354	105.724	-2.43618	105.821	-2.0876
105.481	-3.76659	95.4868	45.3889	105.587	-3.57955	105.632	-3.29606
105.486	-4.80921	95.8667	44.4299	105.511	-4.63924	105.538	-4.38566
105.353	-5.84515	96.2163	43.4596	105.212	-5.72288	105.173	-5.54132
105.183	-6.86402	96.5352	42.4787	105.063	-6.93408	105.077	-6.74693
105.271	-7.81367	96.8232	41.4883	105.25	-8.04148	105.418	-7.72081
105.361	-8.88177	97.0799	40.4894	105.216	-8.86133	105.307	-8.54426
105.308	-9.91753	97.3051	39.4829	105.042	-9.751	105.094	-9.46918
105.115	-10.9123	97.4986	38.4698	105.081	-10.9003	105.248	-10.5654
104.846	-11.7538	97.6602	37.4511	105.011	-11.9292	105.171	-11.5815
104.682	-12.7078	97.7897	36.4278	104.681	-12.8083	104.779	-12.4971
104.622	-13.7438	97.887	35.401	104.624	-13.7357	104.894	-13.3064
104.238	-14.7899	97.952	34.3717	104.217	-14.6161	104.461	-14.1913
103.844	-15.7311	97.9847	33.3408	103.649	-15.4518	103.765	-15.1273
103.23	-16.6159	97.985	32.3094	103.214	-16.7782	103.273	-16.5285
102.704	-17.6584	97.9528	31.2784	102.693	-17.6331	102.761	-17.4075
101.966	-18.6308	97.8884	30.2491	101.967	-18.395	102.038	-18.2132
101.344	-19.4932	97.7916	29.2222	101.393	-19.4002	101.55	-19.1466
100.656	-20.1605	97.6626	28.1989	100.592	-20.1607	100.721	-19.9345
99.6535	-20.9012	97.5015	27.1801	99.7149	-20.7927	99.8168	-20.6115
98.8183	-21.4783	97.3085	26.1669	98.9267	-21.5747	99.0392	-21.3769
98.0678	-22.0499	97.0838	25.1603	98.1274	-22.5171	98.2098	-22.3163
97.255	-22.461	96.8276	24.1612	97.2556	-22.8651	97.3684	-22.7008
96.4621	-22.9953	96.5402	23.1707	96.2054	-23.0399	96.1007	-23.1124
95.4875	-23.5566	96.2218	22.1896	95.5155	-23.585	95.4983	-23.608
94.7445	-24.4382	95.8727	21.2191	94.6774	-24.4179	94.6994	-24.3575
93.849	-25.0461	95.4933	20.26	93.9261	-25.1774	94.1863	-24.9075
92.9675	-25.4504	95.084	19.3133	92.956	-25.7433	93.2013	-25.4589
92.1945	-26.0122	94.6452	18.3799	92.1346	-26.1393	92.4041	-25.8344
91.261	-26.3708	94.1772	17.4607	91.2123	-26.3821	91.3896	-26.1876
90.3428	-26.966	93.6806	16.5567	90.4354	-26.6871	90.5597	-26.5592
89.4142	-27.5011	93.1559	15.6688	89.5975	-27.0327	89.5913	-27.0237
88.6503	-28.2531	92.6036	14.7977	88.9939	-27.8557	89.0952	-27.7195
87.9688	-28.9504	92.0241	13.9445	88.2184	-28.8219	88.3027	-28.6491
87.1752	-29.5907	91.4182	13.1098	87.2554	-29.3389	87.3278	-29.2236
86.2251	-30.1581	90.7863	12.2946	86.308	-29.6375	86.4252	-29.5377
85.4694	-30.6313	90.1292	11.4996	85.4099	-30.6616	85.55	-30.4528
84.5703	-31.0068	89.4474	10.7257	84.4811	-31.1808	84.6915	-30.9343
83.6529	-31.436	88.7416	9.97358	83.5679	-31.6267	83.7674	-31.3998
82.6424	-31.8808	88.0126	9.24398	82.68	-31.8851	82.8	-31.7512
81.919	-32.3613	87.261	8.53764	81.8825	-32.6045	82.0219	-32.4321
81.1588	-32.8939	86.4876	7.85525	81.1131	-32.9103	81.4975	-32.6153
80.4107	-33.4362	85.6931	7.19748	80.124	-33.683	80.4259	-33.3691
79.3823	-33.7492	84.8784	6.56499	79.1402	-34.0273	79.4739	-33.7138
78.5358	-33.9498	84.0442	5.9584	78.3037	-34.5737	78.6958	-34.1993
77.4923	-34.412	83.1914	5.3783	77.1027	-34.8686	77.3996	-34.6028
76.428	-34.5113	82.3208	4.82527	76.1629	-34.6328	76.5679	-34.3822
75.4346	-34.6137	81.4333	4.29986	75.2672	-34.7708	75.5692	-34.5653
74.4194	-34.5965	80.5296	3.80259	74.4347	-34.5415	74.705	-34.4208
73.5106	-34.7263	79.6109	3.33393	73.5937	-34.4247	73.6704	-34.446
72.5351	-34.9239	78.6778	2.89436	72.8095	-34.614	72.7175	-34.7247
71.6388	-35.3684	77.7314	2.48432	71.9925	-35.072	72.005	-35.09
70.8387	-35.5828	76.7726	2.10419	71.126	-35.2454	71.259	-35.1951
69.9282	-35.8928	75.8023	1.75437	70.1534	-36.0112	70.1759	-35.9118
69.0463	-36.2818	74.8215	1.43519	69.0919	-36.3083	69.0797	-36.2744
68.2248	-36.7058	73.8312	1.14697	68.2262	-36.6249	68.4451	-36.4839
67.2694	-37.196	72.8323	0.889991	67.2667	-37.1999	67.4274	-37.0325
66.315	-37.6577	71.8259	0.664512	66.3476	-37.7543	66.4916	-37.5812
65.4558	-38.2772	70.8128	0.470752	65.4318	-38.152	65.5829	-38.003
64.6878	-38.9137	69.7942	0.308903	64.62	-38.5511	65.0103	-38.287
63.6488	-39.2253	68.771	0.179125	63.591	-39.0786	63.9828	-38.7808
62.5441	-39.4508	67.7442	0.0815454	62.4236	-39.1657	62.8402	-38.8945
61.4033	-39.3421	66.7149	0.0162606	61.4192	-39.3734	61.877	-39.0639
60.4082	-39.4963	65.684	-0.0166649	60.2921	-39.5588	60.7188	-39.2589
59.5421	-39.423	64.6526	-0.0171987	59.3302	-39.1805	59.7623	-38.9596